before 901 0.3160 361 469100
after 901 0.3003 361 469100
before 902 0.3283 371 472951
after 902 0.3038 371 472951
before 903 0.2651 301 387595
after 903 0.2434 301 387595
before 904 0.3088 350 453728
after 904 0.2884 350 453728
before 905 0.3245 367 472501
after 905 0.3025 367 472501
before 906 0.3637 409 524310
after 906 0.3323 409 524310
before 907 0.3141 363 462499
after 907 0.2921 363 462499
before 908 0.3205 363 467358
after 908 0.2972 363 467358
before 909 0.3077 355 450321
after 909 0.2860 355 450321
before 910 0.3269 357 454028
after 910 0.2966 357 454028
before 911 0.3571 404 516103
after 911 0.3363 404 516103
before 912 0.3322 361 473853
after 912 0.3046 361 473853
before 913 0.3275 370 478992
after 913 0.3064 370 478992
before 914 0.3258 363 472551
after 914 0.3041 363 472551
before 915 0.3017 331 429914
after 915 0.2800 331 429914
before 916 0.3388 385 488073
after 916 0.3105 385 488073
before 917 0.3258 368 473005
after 917 0.3041 368 473005
before 918 0.3537 394 508556
after 918 0.3266 394 508556
before 919 0.3133 352 451401
after 919 0.2873 352 451401
before 920 0.3169 369 461705
after 920 0.2941 369 461705
before 921 0.3528 403 516207
after 921 0.3290 403 516207
before 922 0.2957 350 434733
after 922 0.2785 350 434733
before 923 0.3448 391 502508
after 923 0.3187 391 502508
before 924 0.3328 376 481238
after 924 0.3095 376 481238
before 925 0.3601 399 517934
after 925 0.3315 399 517934
before 926 0.2995 345 435366
after 926 0.2798 345 435366
before 927 0.2873 333 414500
after 927 0.2663 333 414500
before 928 0.3747 413 538460
after 928 0.3519 413 538460
before 929 0.2865 330 406795
after 929 0.2618 330 406795
before 930 0.2976 343 439789
after 930 0.2776 343 439789
