before 901 0.3521 255 324911
after 901 0.2886 255 324911
before 902 0.4536 290 370728
after 902 0.3534 290 370728
before 903 0.4081 300 378665
after 903 0.3413 300 378665
before 904 0.4134 289 348720
after 904 0.3418 289 348720
before 905 0.3320 264 327146
after 905 0.2823 264 327146
before 906 0.3864 253 326699
after 906 0.3333 253 326699
before 907 0.4654 290 373892
after 907 0.3991 290 373892
before 908 0.4080 290 358760
after 908 0.3818 290 358760
before 909 0.4200 289 351552
after 909 0.3335 289 351552
before 910 0.4166 280 352030
after 910 0.3402 280 352030
before 911 0.3675 263 344188
after 911 0.3104 263 344188
before 912 0.4239 294 360228
after 912 0.3419 294 360228
before 913 0.4719 287 361133
after 913 0.3718 287 361133
before 914 0.4015 261 335391
after 914 0.3132 261 335391
before 915 0.4228 289 356033
after 915 0.3456 289 356033
