HEAD 1001 0.2676 313 399292
C0 1001 0.2440 313 399292
A 1001 0.2457 313 399292
B 1001 0.2436 313 399292
HEAD 1002 0.2920 346 434429
C0 1002 0.2638 346 434429
A 1002 0.2651 346 434429
B 1002 0.2640 346 434429
HEAD 1003 0.3721 415 536535
C0 1003 0.3365 415 536535
A 1003 0.3370 415 536535
B 1003 0.3326 415 536535
HEAD 1004 0.3395 379 493662
C0 1004 0.3093 379 493662
A 1004 0.3069 379 493662
B 1004 0.3087 379 493662
HEAD 1005 0.2956 349 434707
C0 1005 0.2738 349 434707
A 1005 0.2756 349 434707
B 1005 0.2704 349 434707
HEAD 1006 0.3583 394 511267
C0 1006 0.3156 394 511267
A 1006 0.3186 394 511267
B 1006 0.3188 394 511267
HEAD 1007 0.3380 387 490090
C0 1007 0.3107 387 490090
A 1007 0.3061 387 490090
B 1007 0.3075 387 490090
HEAD 1008 0.3283 385 476351
C0 1008 0.3000 385 476351
A 1008 0.3000 385 476351
B 1008 0.2942 385 476351
HEAD 1009 0.3126 363 460165
C0 1009 0.2800 363 460165
A 1009 0.2803 363 460165
B 1009 0.2797 363 460165
HEAD 1010 0.3498 390 513556
C0 1010 0.3194 390 513556
A 1010 0.3190 390 513556
B 1010 0.3257 390 513556
HEAD 1011 0.3698 390 496607
C0 1011 0.3260 390 496607
A 1011 0.3235 390 496607
B 1011 0.3190 390 496607
HEAD 1012 0.3798 405 522915
C0 1012 0.3353 405 522915
A 1012 0.3380 405 522915
B 1012 0.3297 405 522915
HEAD 1013 0.3179 356 452043
C0 1013 0.2975 356 452043
A 1013 0.2875 356 452043
B 1013 0.2854 356 452043
HEAD 1014 0.3904 433 561876
C0 1014 0.3544 433 561876
A 1014 0.3610 433 561876
B 1014 0.3633 433 561876
HEAD 1015 0.3391 375 474340
C0 1015 0.3068 375 474340
A 1015 0.3181 375 474340
B 1015 0.3126 375 474340
HEAD 1016 0.3723 409 523823
C0 1016 0.3342 409 523823
A 1016 0.3362 409 523823
B 1016 0.3239 409 523823
HEAD 1017 0.2863 332 425879
C0 1017 0.2632 332 425879
A 1017 0.2645 332 425879
B 1017 0.2611 332 425879
HEAD 1018 0.2743 321 405673
C0 1018 0.2492 321 405673
A 1018 0.2530 321 405673
B 1018 0.2564 321 405673
HEAD 1019 0.3324 368 476595
C0 1019 0.3440 368 476595
A 1019 0.3029 368 476595
B 1019 0.2949 368 476595
HEAD 1020 0.3059 352 448931
C0 1020 0.2801 352 448931
A 1020 0.2856 352 448931
B 1020 0.2880 352 448931
HEAD 1021 0.3588 401 501096
C0 1021 0.3253 401 501096
A 1021 0.3232 401 501096
B 1021 0.3243 401 501096
HEAD 1022 0.3030 329 423677
C0 1022 0.2720 329 423677
A 1022 0.2745 329 423677
B 1022 0.2708 329 423677
HEAD 1023 0.3515 392 489296
C0 1023 0.3168 392 489296
A 1023 0.3209 392 489296
B 1023 0.3107 392 489296
HEAD 1024 0.3187 366 458266
C0 1024 0.2905 366 458266
A 1024 0.2945 366 458266
B 1024 0.2866 366 458266
HEAD 1025 0.3350 373 479526
C0 1025 0.3038 373 479526
A 1025 0.3051 373 479526
B 1025 0.3064 373 479526
HEAD 1026 0.3129 338 431473
C0 1026 0.2766 338 431473
A 1026 0.2798 338 431473
B 1026 0.2770 338 431473
HEAD 1027 0.3192 354 455263
C0 1027 0.2940 354 455263
A 1027 0.2902 354 455263
B 1027 0.2861 354 455263
HEAD 1028 0.3164 353 455540
C0 1028 0.2878 353 455540
A 1028 0.2898 353 455540
B 1028 0.2869 353 455540
HEAD 1029 0.3267 365 466073
C0 1029 0.2992 365 466073
A 1029 0.2994 365 466073
B 1029 0.2936 365 466073
HEAD 1030 0.3532 384 499771
C0 1030 0.3211 384 499771
A 1030 0.3225 384 499771
B 1030 0.3175 384 499771
