HEAD 1001 0.3753 259 319611
C0 1001 0.3069 259 319611
A 1001 0.3034 259 319611
B 1001 0.3033 259 319611
HEAD 1002 0.4039 291 373601
C0 1002 0.3366 291 373601
A 1002 0.3399 291 373601
B 1002 0.3349 291 373601
HEAD 1003 0.3956 275 349882
C0 1003 0.3552 275 349882
A 1003 0.3363 275 349882
B 1003 0.3236 275 349882
HEAD 1004 0.3873 284 348491
C0 1004 0.3337 284 348491
A 1004 0.3296 284 348491
B 1004 0.3109 284 348491
HEAD 1005 0.4299 300 379571
C0 1005 0.3661 300 379571
A 1005 0.3713 300 379571
B 1005 0.3418 300 379571
HEAD 1006 0.3958 291 368584
C0 1006 0.3431 291 368584
A 1006 0.3267 291 368584
B 1006 0.3284 291 368584
HEAD 1007 0.4297 286 370307
C0 1007 0.3295 286 370307
A 1007 0.3290 286 370307
B 1007 0.3240 286 370307
HEAD 1008 0.3708 262 326262
C0 1008 0.2925 262 326262
A 1008 0.2938 262 326262
B 1008 0.2908 262 326262
HEAD 1009 0.3928 276 361379
C0 1009 0.3156 276 361379
A 1009 0.3145 276 361379
B 1009 0.3133 276 361379
HEAD 1010 0.3988 282 344553
C0 1010 0.3204 282 344553
A 1010 0.3208 282 344553
B 1010 0.3188 282 344553
HEAD 1011 0.4553 295 369841
C0 1011 0.3634 295 369841
A 1011 0.3771 295 369841
B 1011 0.3730 295 369841
HEAD 1012 0.3892 263 329956
C0 1012 0.2948 263 329956
A 1012 0.2946 263 329956
B 1012 0.3082 263 329956
HEAD 1013 0.4392 306 379458
C0 1013 0.3731 306 379458
A 1013 0.3637 306 379458
B 1013 0.3543 306 379458
HEAD 1014 0.4968 310 387055
C0 1014 0.4067 310 387055
A 1014 0.3943 310 387055
B 1014 0.3982 310 387055
HEAD 1015 0.4074 277 353587
C0 1015 0.3372 277 353587
A 1015 0.3445 277 353587
B 1015 0.3256 277 353587
