0 12 12 1 2 0.002 1
0 13 13 1 3 0.006 2
0 14 14 1 2 0.002 1
0 13 13 1 2 0.001 1
0 11 11 1 2 0.002 1
0 12 12 1 3 0.002 1
0 12 12 1 2 0.002 1
0 13 13 1 2 0.001 1
0 13 13 1 2 0.003 1
0 13 13 1 2 0.001 1
0 12 12 1 2 0.001 1
0 13 13 1 6 0.002 1
0 11 11 1 2 0.008 1
0 12 12 1 3 0.004 2
0 13 13 1 2 0.002 1
0 13 13 1 5 0.002 2
0 11 11 1 2 0.003 1
0 11 11 1 2 0.002 1
0 14 14 1 2 0.001 1
0 12 12 1 2 0.002 1
0 12 12 1 2 0.002 1
0 13 13 1 4 0.003 2
0 13 13 1 6 0.003 2
0 13 13 1 2 0.001 1
0 12 12 1 2 0.001 1
0 12 12 1 3 0.007 1
0 13 13 1 6 0.002 1
0 11 11 1 2 0.003 1
0 13 13 1 2 0.002 1
0 13 13 1 4 0.001 2
0 10 10 1 2 0.001 1
0 12 12 1 5 0.004 2
0 14 14 1 2 0.002 1
0 13 13 1 2 0.002 1
0 13 13 1 4 0.003 1
0 12 12 1 2 0.002 1
0 14 14 1 2 0.001 1
0 13 13 1 2 0.002 1
0 13 13 1 2 0.004 1
0 11 11 1 4 0.002 2
0 12 12 1 3 0.004 1
0 12 12 1 2 0.001 1
0 12 12 1 2 0.001 1
0 12 12 1 2 0.003 1
0 12 12 1 2 0.001 3
0 13 13 1 2 0.004 1
0 14 14 1 5 0.002 2
0 10 10 1 3 0.002 1
0 14 14 1 2 0.001 1
0 12 12 1 4 0.003 1
0 13 13 1 3 0.001 2
0 13 13 1 2 0.002 1
1 12 14 1 2 0.001 2
1 11 13 1 2 0.003 1
1 9 11 1 2 0.003 1
1 11 13 1 2 0.003 1
1 13 15 1 6 0.004 1
1 12 14 1 2 0.002 1
1 11 13 1 3 0.002 2
1 12 14 1 5 0.005 2
1 12 14 1 2 0.002 1
1 13 15 1 2 0.001 1
1 13 15 1 3 0.003 1
1 12 14 1 2 0.002 1
1 9 11 1 2 0.003 1
1 10 12 1 2 0.003 1
1 13 15 1 6 0.007 2
1 12 14 1 2 0.002 1
1 12 14 1 3 0.003 2
1 14 16 1 2 0.001 1
1 13 15 1 3 0.003 2
1 12 14 1 7 0.001 1
1 10 12 1 2 0.002 1
1 11 13 1 3 0.003 2
1 10 12 1 2 0.002 1
1 14 16 1 2 0.001 1
1 12 14 1 25 0.006 2
1 11 13 1 2 0.001 1
1 12 14 1 6 0.004 3
1 12 14 1 2 0.002 1
1 12 14 1 2 0.002 1
1 14 16 1 5 0.003 2
1 10 12 1 2 0.002 1
1 13 15 1 2 0.001 1
1 10 12 1 2 0.006 1
1 11 13 1 2 0.002 1
1 12 14 1 2 0.002 2
1 11 13 1 5 0.004 2
1 11 13 1 2 0.001 1
1 12 14 1 2 0.003 1
1 11 13 1 2 0.003 1
1 11 13 1 5 0.003 1
1 14 16 1 16 0.005 1
1 11 13 1 4 0.005 3
1 9 11 1 2 0.002 1
1 11 13 1 4 0.002 3
1 11 13 1 3 0.002 2
1 10 12 1 4 0.003 1
1 10 12 1 2 0.002 1
1 10 12 1 2 0.002 1
1 13 15 1 2 0.003 1
1 9 11 1 2 0.001 1
1 13 15 1 2 0.002 1
1 13 15 1 2 0.003 2
1 11 13 1 4 0.003 1
1 11 13 1 5 0.003 2
1 12 14 1 6 0.004 1
1 12 14 1 2 0.002 1
1 11 13 1 2 0.002 1
1 10 12 1 3 0.003 1
1 13 15 1 3 0.003 2
1 9 11 1 3 0.001 1
1 13 15 1 2 0.003 1
1 12 14 1 3 0.003 1
1 11 13 1 4 0.003 3
1 14 16 1 3 0.002 2
1 14 16 1 5 0.002 2
1 11 13 1 2 0.002 1
1 11 13 1 2 0.003 1
1 9 11 1 2 0.002 1
1 12 14 1 2 0.004 1
1 10 12 1 2 0.002 1
1 10 12 1 4 0.005 2
1 12 14 1 2 0.003 1
1 11 13 1 2 0.002 1
1 12 14 1 2 0.003 1
1 12 14 1 3 0.004 2
1 11 13 1 3 0.003 2
1 11 13 1 4 0.002 2
1 12 14 1 4 0.003 1
1 10 12 1 2 0.002 1
1 11 13 1 3 0.002 2
1 10 12 1 2 0.001 1
1 10 12 1 2 0.001 1
1 11 13 1 4 0.002 1
1 10 12 1 2 0.003 1
1 10 12 1 2 0.002 1
1 11 13 1 2 0.002 2
1 14 16 1 2 0.001 1
1 10 12 1 9 0.003 2
1 11 13 1 2 0.002 1
1 11 13 1 2 0.001 1
1 12 14 1 4 0.002 3
1 10 12 1 2 0.002 1
1 12 14 1 5 0.007 2
1 14 16 1 2 0.002 1
1 14 16 1 2 0.004 1
1 13 15 1 2 0.002 1
1 11 13 1 2 0.002 2
1 13 15 1 10 0.006 3
1 11 13 1 3 0.003 2
1 12 14 1 4 0.003 3
1 10 12 1 2 0.004 1
1 12 14 1 4 0.002 3
1 13 15 1 11 0.003 2
1 13 15 1 2 0.002 1
1 13 15 1 6 0.005 1
1 11 13 1 2 0.002 1
1 11 13 1 4 0.002 3
1 13 15 1 2 0.001 2
1 14 16 1 4 0.004 3
1 13 15 1 3 0.003 3
1 14 16 1 7 0.005 2
1 12 14 1 2 0.002 1
1 13 15 1 2 0.003 1
1 12 14 1 2 0.002 1
1 13 15 1 5 0.003 3
1 14 16 1 2 0.004 1
1 12 14 1 8 0.003 2
1 13 15 1 2 0.001 2
1 10 12 1 2 0.002 1
1 11 13 1 2 0.001 1
1 13 15 1 9 0.003 1
1 12 14 1 2 0.001 1
1 10 12 1 2 0.004 1
1 11 13 1 12 0.006 4
1 12 14 1 2 0.003 1
1 10 12 1 2 0.001 1
1 10 12 1 2 0.003 1
1 12 14 1 7 0.003 2
1 12 14 1 3 0.003 2
1 10 12 1 2 0.005 1
1 9 11 1 2 0.003 1
1 11 13 1 2 0.002 1
1 11 13 1 3 0.002 2
1 12 14 1 2 0.002 1
1 12 14 1 13 0.004 2
1 10 12 1 2 0.001 1
1 12 14 1 15 0.010 2
1 11 13 1 3 0.003 1
1 11 13 1 2 0.004 1
1 11 13 1 2 0.002 2
1 10 12 1 2 0.001 1
1 13 15 1 8 0.004 2
1 13 15 1 3 0.005 2
1 11 13 1 3 0.003 2
1 12 14 1 2 0.002 2
1 12 14 1 4 0.005 2
1 11 13 1 3 0.002 1
1 10 12 1 5 0.005 1
1 11 13 1 2 0.002 1
1 11 13 1 2 0.002 1
1 10 12 1 2 0.002 1
1 12 14 1 2 0.003 1
1 10 12 1 3 0.003 2
1 12 14 1 2 0.002 1
1 13 15 1 2 0.001 1
1 10 12 1 2 0.002 1
1 14 16 1 26 0.008 1
1 11 13 1 10 0.004 3
1 11 13 1 6 0.003 3
1 10 12 1 3 0.002 2
2 12 16 1 2 0.003 1
2 12 16 1 2 0.004 1
2 11 15 1 5 0.004 2
2 11 15 1 7 0.006 3
2 14 18 1 2 0.002 1
2 10 14 1 6 0.004 2
2 14 18 1 2 0.002 1
2 11 15 1 2 0.002 1
2 11 15 1 10 0.003 1
2 12 16 1 7 0.004 2
2 11 15 1 25 0.009 4
2 10 14 1 29 0.010 2
2 12 16 1 2 0.003 1
2 12 16 1 22 0.010 2
2 11 15 1 2 0.003 1
2 12 16 1 2 0.002 1
2 12 16 1 2 0.002 1
2 10 14 1 2 0.001 1
2 11 15 1 2 0.004 1
2 13 17 1 4 0.005 3
2 11 15 1 21 0.007 3
2 9 13 1 2 0.002 1
2 12 16 1 8 0.004 1
2 12 16 1 3 0.002 2
2 13 17 1 12 0.006 3
2 10 14 1 2 0.004 1
2 11 15 1 2 0.003 1
2 12 16 1 2 0.004 2
2 12 16 1 10 0.004 1
2 11 15 1 4 0.003 1
2 11 15 1 2 0.002 1
2 11 15 1 2 0.001 1
2 10 14 1 2 0.003 1
2 11 15 1 27 0.009 2
2 11 15 1 25 0.010 4
2 12 16 1 2 0.002 1
2 13 17 1 10 0.008 2
2 11 15 1 2 0.002 1
2 10 14 1 3 0.004 2
2 10 14 1 2 0.002 1
2 11 15 1 4 0.017 4
2 13 17 1 12 0.005 3
2 13 17 1 16 0.006 3
2 12 16 1 2 0.002 1
2 11 15 1 11 0.003 2
2 12 16 1 2 0.003 1
2 13 17 1 147 0.034 3
2 12 16 1 14 0.003 4
2 12 16 1 8 0.007 1
2 13 17 1 28 0.006 5
2 11 15 1 267 0.055 3
2 11 15 1 10 0.005 1
2 12 16 1 11 0.003 2
2 12 16 1 2 0.002 1
2 11 15 1 7 0.005 2
2 12 16 1 2 0.004 1
2 10 14 1 24 0.011 3
2 13 17 1 101 0.022 3
2 10 14 1 2 0.002 1
2 9 13 1 23 0.006 2
2 8 12 1 9 0.008 1
2 12 16 1 5 0.005 2
2 10 14 1 5 0.004 3
2 14 18 1 5 0.002 2
2 12 16 1 7 0.003 3
2 11 15 1 19 0.008 1
2 11 15 1 16 0.007 3
2 9 13 1 4 0.003 1
2 11 15 1 66 0.016 2
2 12 16 1 10 0.004 3
2 13 17 1 5 0.005 1
2 11 15 1 20 0.010 2
2 11 15 1 2 0.003 1
2 10 14 1 16 0.008 1
2 13 17 1 4 0.003 2
2 12 16 1 13 0.004 2
2 10 14 1 58 0.013 4
2 9 13 1 2 0.002 1
2 12 16 1 36 0.010 2
2 13 17 1 3 0.002 4
2 10 14 1 2 0.002 1
2 10 14 1 12 0.005 1
2 12 16 1 53 0.015 2
2 12 16 1 5 0.003 2
2 11 15 1 10 0.002 1
2 12 16 1 18 0.005 5
2 12 16 1 20 0.010 2
2 11 15 1 2 0.001 1
2 13 17 1 296 0.049 1
2 12 16 1 2 0.001 1
2 9 13 1 2 0.005 1
2 9 13 1 3 0.002 2
2 12 16 1 8 0.005 1
2 12 16 1 5 0.005 2
2 11 15 1 2 0.002 1
2 11 15 1 18 0.005 3
2 12 16 1 2 0.007 1
2 9 13 1 27 0.008 4
2 13 17 1 16 0.009 3
2 12 16 1 25 0.007 4
2 10 14 1 4 0.003 1
2 13 17 1 2 0.002 1
2 11 15 1 13 0.005 2
2 11 15 1 8 0.005 1
2 12 16 1 4 0.005 4
2 11 15 1 4 0.003 1
2 13 17 1 4 0.002 1
2 13 17 1 2 0.002 1
2 11 15 1 4 0.003 1
2 10 14 1 2 0.002 1
2 11 15 1 2 0.002 1
2 11 15 1 33 0.014 2
2 10 14 1 14 0.006 2
2 9 13 1 4 0.004 1
2 11 15 1 17 0.007 2
2 11 15 1 9 0.005 2
2 11 15 1 18 0.006 2
2 11 15 1 2 0.002 1
2 11 15 1 10 0.003 1
2 11 15 1 2 0.001 1
2 10 14 1 2 0.001 1
2 11 15 1 6 0.003 3
2 13 17 1 3 0.003 2
2 10 14 1 10 0.003 1
2 9 13 1 2 0.003 1
2 13 17 1 102 0.041 3
2 12 16 1 2 0.002 1
2 12 16 1 2 0.002 1
2 11 15 1 8 0.002 2
2 12 16 1 65 0.023 4
2 10 14 1 3 0.003 3
2 8 12 1 2 0.002 1
2 11 15 1 11 0.004 2
2 12 16 1 4 0.003 2
2 11 15 1 3 0.002 1
2 13 17 1 4 0.002 3
2 9 13 1 20 0.006 2
2 11 15 1 2 0.001 1
2 14 18 1 21 0.007 4
2 13 17 1 2 0.002 1
2 11 15 1 2 0.003 1
2 10 14 1 10 0.003 1
2 10 14 1 3 0.004 3
2 12 16 1 57 0.012 1
2 13 17 1 6 0.002 3
2 12 16 1 4 0.002 2
2 10 14 1 4 0.002 3
2 11 15 1 2 0.002 1
2 12 16 1 3 0.003 2
2 11 15 1 7 0.004 3
2 11 15 1 2 0.002 1
2 10 14 1 6 0.003 4
2 12 16 1 2 0.002 1
2 11 15 1 5 0.002 1
2 8 12 1 13 0.006 3
2 10 14 1 6 0.005 1
2 12 16 1 13 0.003 2
2 13 17 1 495 0.093 2
2 11 15 1 53 0.010 2
2 11 15 1 11 0.003 2
3 11 17 1 2 0.001 1
3 10 16 1 2 0.006 1
3 11 17 1 3 0.002 2
3 10 16 1 2 0.002 2
3 11 17 1 51 0.016 3
3 13 19 1 80 0.020 3
3 12 18 1 2 0.003 1
3 12 18 1 163 0.026 3
3 9 15 1 34 0.008 3
3 11 17 1 10 0.004 3
3 10 16 1 25 0.010 2
3 12 18 1 15 0.008 2
3 12 18 1 19 0.009 1
3 12 18 1 83 0.025 4
3 14 20 1 31 0.008 2
3 12 18 1 3 0.002 2
3 13 19 1 99 0.017 2
3 12 18 1 8 0.004 2
3 12 18 1 5 0.004 2
3 10 16 1 52 0.014 3
3 10 16 1 6 0.005 1
3 13 19 1 16 0.005 3
3 13 19 1 54 0.016 4
3 10 16 1 21 0.003 3
3 11 17 1 24 0.007 2
3 10 16 1 2 0.002 1
3 10 16 1 8 0.004 1
3 12 18 1 6 0.007 3
3 10 16 1 58 0.020 4
3 12 18 1 299 0.099 4
3 12 18 1 23 0.008 3
3 11 17 1 9 0.007 1
3 11 17 1 2 0.002 1
3 10 16 1 375 0.121 4
3 11 17 1 44 0.013 5
3 12 18 1 2 0.002 1
3 12 18 1 3 0.005 2
3 11 17 1 85 0.021 1
3 12 18 1 393 0.071 5
3 13 19 1 75 0.015 2
3 12 18 1 2 0.001 1
3 12 18 1 2 0.002 1
3 11 17 1 2 0.001 1
3 10 16 1 55 0.022 4
3 12 18 1 425 0.084 2
3 12 18 1 107 0.020 2
3 12 18 1 24 0.008 3
3 11 17 1 3 0.002 2
3 11 17 1 102 0.040 4
3 12 18 1 10 0.006 3
3 14 20 1 7 0.004 6
3 14 20 1 225 0.075 3
3 12 18 1 14 0.005 1
3 12 18 1 83 0.028 4
3 12 18 1 20 0.007 2
3 9 15 1 10 0.003 1
3 11 17 1 101 0.055 3
3 10 16 1 176 0.046 4
3 11 17 1 2 0.002 1
3 11 17 1 2 0.004 1
3 10 16 1 23 0.003 3
3 11 17 1 32 0.007 3
3 10 16 1 18 0.006 2
3 10 16 1 96 0.024 4
3 11 17 1 88 0.025 4
3 11 17 1 31 0.013 2
3 10 16 1 33 0.013 4
3 11 17 1 2 0.003 1
3 10 16 1 2 0.003 1
3 10 16 1 4 0.003 2
3 10 16 1 2 0.001 1
3 11 17 1 61 0.010 2
3 11 17 1 12 0.011 1
3 12 18 1 2 0.004 1
3 12 18 1 377 0.086 2
3 12 18 1 14 0.004 3
3 9 15 1 26 0.009 1
3 11 17 1 67 0.019 2
3 11 17 1 140 0.035 2
3 11 17 1 2 0.005 1
3 14 20 1 19 0.010 2
3 12 18 1 214 0.043 4
3 8 14 1 68 0.016 2
3 9 15 1 12 0.004 2
3 11 17 1 24 0.009 2
3 12 18 1 7 0.002 1
3 11 17 1 2 0.002 1
3 11 17 1 598 0.128 3
3 11 17 1 2 0.002 1
3 11 17 1 34 0.009 4
3 13 19 1 13 0.005 2
3 10 16 1 111 0.031 3
3 11 17 1 33 0.009 1
3 10 16 1 31 0.018 2
3 11 17 1 45 0.017 1
3 13 19 1 49 0.011 4
3 10 16 1 3 0.002 2
3 11 17 1 619 0.121 2
3 10 16 1 62 0.017 4
3 10 16 1 2 0.004 1
3 13 19 1 1634 0.329 3
3 13 19 1 16 0.009 4
3 10 16 1 2 0.002 1
3 11 17 1 93 0.027 2
3 12 18 1 2 0.002 1
3 10 16 1 76 0.017 4
3 11 17 1 43 0.011 2
3 10 16 1 2 0.002 1
3 13 19 1 17 0.005 2
3 13 19 1 59 0.016 1
3 12 18 1 5 0.004 2
3 10 16 1 21 0.005 1
3 13 19 1 6 0.007 3
3 12 18 1 5 0.003 2
3 10 16 1 40 0.018 3
3 11 17 1 4 0.003 3
3 12 18 1 3 0.003 2
3 11 17 1 112 0.025 4
3 9 15 1 31 0.010 3
3 13 19 1 8 0.004 1
3 13 19 1 50 0.023 4
3 10 16 1 45 0.013 2
3 11 17 1 2 0.002 2
3 11 17 1 16 0.006 2
3 12 18 1 7 0.003 2
3 10 16 1 2 0.003 1
3 9 15 1 54 0.016 3
3 13 19 1 98 0.024 4
3 11 17 1 5 0.007 3
3 11 17 1 13 0.003 4
3 10 16 1 129 0.036 3
3 10 16 1 30 0.008 5
3 9 15 1 57 0.017 2
3 11 17 1 10 0.003 1
3 12 18 1 194 0.035 4
3 12 18 1 2 0.002 1
3 12 18 1 44 0.022 2
3 14 20 1 5 0.005 2
3 11 17 1 58 0.018 2
3 13 19 1 215 0.072 4
3 11 17 1 4 0.003 5
3 11 17 1 118 0.034 2
3 9 15 1 2 0.001 1
3 11 17 1 58 0.014 5
3 12 18 1 3 0.004 2
3 11 17 1 117 0.021 4
3 10 16 1 5 0.002 3
3 13 19 1 529 0.103 5
3 9 15 1 2 0.002 1
3 9 15 1 30 0.007 3
3 11 17 1 195 0.056 2
3 11 17 1 149 0.033 1
3 11 17 1 71 0.022 6
3 12 18 1 3 0.005 2
3 9 15 1 36 0.010 4
3 11 17 1 88 0.025 4
3 11 17 1 336 0.059 3
3 13 19 1 47 0.010 2
3 12 18 1 9 0.018 2
3 10 16 1 23 0.007 3
4 10 18 1 78 0.020 3
4 11 19 1 5 0.006 2
4 12 20 1 6 0.004 1
4 10 18 1 171 0.039 3
4 11 19 1 1130 0.213 7
4 10 18 1 1061 0.223 4
4 11 19 1 87 0.029 6
4 11 19 1 2 0.002 1
4 11 19 1 28 0.010 2
4 10 18 1 995 0.221 6
4 11 19 1 100 0.026 4
4 10 18 1 162 0.045 2
4 13 21 1 2675 0.442 5
4 9 17 1 176 0.056 2
4 12 20 1 823 0.188 2
4 13 21 1 421 0.074 3
4 13 21 1 996 0.381 3
4 11 19 1 2056 0.339 7
4 11 19 1 41 0.014 5
4 10 18 1 1837 0.344 4
4 9 17 1 43 0.009 2
4 11 19 1 571 0.125 3
4 14 22 1 359 0.068 4
4 11 19 1 119 0.025 3
4 11 19 1 341 0.069 6
4 11 19 1 7 0.004 2
4 12 20 1 38 0.015 2
4 11 19 1 472 0.081 4
4 11 19 1 4 0.004 2
4 13 21 1 6 0.004 5
4 11 19 1 37 0.014 4
4 10 18 1 827 0.136 6
4 11 19 1 257 0.116 2
4 9 17 1 47 0.015 5
4 11 19 1 5 0.004 2
4 9 17 1 171 0.045 4
4 10 18 1 10 0.004 1
4 12 20 1 2452 0.356 3
4 11 19 1 94 0.022 2
4 12 20 1 31 0.013 4
4 11 19 1 2 0.001 1
4 10 18 1 163 0.047 1
4 11 19 1 123 0.033 5
4 11 19 1 17 0.007 2
4 11 19 1 8 0.003 2
4 11 19 1 4 0.006 1
4 13 21 1 1257 0.200 4
4 9 17 1 2 0.001 1
4 10 18 1 101 0.035 4
4 11 19 1 4 0.002 1
4 10 18 1 224 0.047 2
4 13 21 1 3 0.005 4
4 11 19 1 103 0.018 3
4 11 19 1 465 0.098 6
4 10 18 1 994 0.170 1
4 10 18 1 2 0.003 1
4 11 19 1 104 0.068 5
4 11 19 1 20 0.004 1
4 12 20 1 116 0.029 4
4 10 18 1 75 0.023 5
4 11 19 1 22 0.006 4
4 12 20 1 10 0.004 5
4 11 19 1 1061 0.182 3
4 10 18 1 38 0.014 1
4 11 19 1 9 0.003 2
4 12 20 1 7 0.005 5
4 12 20 1 114 0.030 4
4 11 19 1 2 0.001 3
4 11 19 1 2 0.004 1
4 10 18 1 277 0.056 3
4 11 19 1 2 0.003 1
4 10 18 1 97 0.019 4
4 11 19 1 40 0.015 2
4 10 18 1 34 0.013 1
4 9 17 1 29 0.013 3
4 13 21 1 141 0.038 4
4 11 19 1 616 0.113 3
4 10 18 1 4 0.005 4
4 11 19 1 44 0.010 5
4 12 20 1 297 0.058 2
4 11 19 1 128 0.040 3
4 10 18 1 144 0.047 5
4 11 19 1 8 0.003 3
4 11 19 1 2366 0.295 1
4 9 17 1 104 0.013 4
4 12 20 1 141 0.042 4
4 13 21 1 9 0.006 4
4 11 19 1 89 0.018 4
4 11 19 1 7 0.008 2
4 12 20 1 9494 0.809 4
4 11 19 1 903 0.221 3
4 13 21 1 9 0.006 4
4 10 18 1 36 0.015 1
4 10 18 1 42 0.007 2
4 9 17 1 1080 0.266 6
4 10 18 1 14 0.006 5
4 12 20 1 1414 0.234 2
4 11 19 1 146 0.037 4
4 11 19 1 762 0.182 2
4 12 20 1 118 0.033 1
4 12 20 1 2 0.001 1
4 9 17 1 79 0.017 1
4 13 21 1 41 0.009 2
4 12 20 1 39 0.011 3
4 11 19 1 182 0.032 2
4 8 16 1 120 0.063 4
4 10 18 1 52 0.019 1
4 12 20 1 166 0.044 4
4 11 19 1 850 0.208 4
4 10 18 1 88 0.026 2
4 11 19 1 58 0.013 2
4 9 17 1 236 0.029 1
4 12 20 1 1130 0.350 4
4 8 16 1 138 0.042 3
4 13 21 1 41 0.015 3
4 11 19 1 7 0.003 2
4 12 20 1 104 0.026 6
4 9 17 1 4 0.003 1
4 12 20 1 164 0.032 5
4 9 17 1 126 0.020 5
4 13 21 1 173 0.072 4
4 11 19 1 4618 0.935 7
4 9 17 1 153 0.038 4
4 11 19 1 171 0.046 3
4 12 20 1 118 0.024 1
4 10 18 1 28 0.023 5
4 10 18 1 40 0.012 1
4 12 20 1 215 0.054 5
4 11 19 1 13 0.010 2
4 11 19 1 61 0.011 3
4 11 19 1 9 0.004 6
4 9 17 1 282 0.060 6
4 13 21 1 934 0.172 4
4 11 19 1 49 0.007 4
4 11 19 1 195 0.059 2
4 11 19 1 899 0.124 3
4 11 19 1 285 0.060 6
4 12 20 1 885 0.226 4
4 11 19 1 602 0.121 2
4 11 19 1 299 0.070 6
4 11 19 1 54 0.014 4
4 12 20 1 36 0.013 4
4 11 19 1 90 0.024 3
4 11 19 1 2 0.001 1
4 10 18 1 747 0.222 1
4 12 20 1 258 0.042 1
4 11 19 1 571 0.097 7
4 10 18 1 18 0.010 1
4 8 16 1 76 0.015 4
4 11 19 1 143 0.029 4
4 12 20 1 1854 0.292 4
4 12 20 1 185 0.035 5
4 12 20 1 4 0.005 3
4 11 19 1 20 0.014 1
4 13 21 1 2 0.002 5
4 9 17 1 2 0.003 1
4 11 19 1 105 0.030 5
4 12 20 1 10392 1.356 4
4 10 18 1 3 0.002 2
4 10 18 1 62 0.015 3
5 13 23 1 8577 1.289 2
5 10 20 1 2 0.001 1
5 10 20 1 11266 1.497 6
5 12 22 1 934 0.151 3
5 11 21 1 631 0.128 2
5 10 20 1 1256 0.201 5
5 12 22 1 11812 1.447 6
5 11 21 1 3426 0.385 8
5 10 20 1 520 0.237 2
5 10 20 1 412 0.091 1
5 10 20 1 12 0.003 2
5 10 20 1 293 0.049 7
5 12 22 1 1847 0.259 5
5 10 20 1 678 0.115 5
5 9 19 1 2 0.003 1
5 11 21 1 27044 2.377 1
5 11 21 1 3617 0.910 5
5 10 20 1 65 0.014 3
5 10 20 1 486 0.089 2
5 10 20 1 6 0.003 3
5 12 22 1 68 0.011 3
5 11 21 1 594 0.139 1
5 10 20 1 50 0.022 1
5 10 20 1 2 0.001 1
5 11 21 1 494 0.121 3
5 12 22 1 631 0.147 3
5 10 20 1 2 0.002 1
5 11 21 1 2290 0.346 2
5 10 20 1 44 0.010 3
5 9 19 1 39 0.008 5
5 11 21 1 1547 0.252 7
5 10 20 1 329 0.055 10
5 9 19 1 2 0.001 1
5 11 21 1 616 0.133 4
5 12 22 1 378 0.084 4
5 10 20 1 3354 0.534 6
5 9 19 1 301 0.069 7
5 9 19 1 582 0.121 4
5 11 21 1 392 0.078 2
5 10 20 1 4084 0.626 6
5 12 22 1 335 0.045 7
5 11 21 1 14102 1.711 6
5 10 20 1 5268 0.801 5
5 12 22 1 12 0.007 3
5 10 20 1 2788 0.428 4
5 8 18 1 62 0.013 4
5 10 20 1 2 0.002 1
5 11 21 1 322 0.040 3
5 11 21 1 299 0.124 2
5 10 20 1 2 0.002 1
5 9 19 1 651 0.101 3
5 12 22 1 429 0.100 3
5 12 22 1 1262 0.194 3
5 10 20 1 433 0.094 2
5 12 22 1 249 0.034 2
5 12 22 1 11238 1.378 2
5 11 21 1 4 0.004 6
5 10 20 1 238 0.045 3
5 10 20 1 317 0.078 5
5 10 20 1 877 0.181 2
5 11 21 1 1672 0.281 3
5 12 22 1 4943 0.847 4
5 10 20 1 2 0.002 5
5 10 20 1 543 0.096 5
5 12 22 1 2 0.005 1
5 12 22 1 206 0.052 5
5 13 23 1 1145 0.181 4
5 9 19 1 4822 0.772 3
5 11 21 1 5 0.007 4
5 9 19 1 3228 0.602 6
5 11 21 1 7345 0.904 3
5 10 20 1 4 0.004 5
5 9 19 1 49 0.016 3
5 13 23 1 24 0.011 2
5 11 21 1 247 0.080 3
5 10 20 1 45 0.024 2
5 10 20 1 1417 0.287 4
5 10 20 1 2039 0.477 7
5 11 21 1 14851 2.695 1
5 12 22 1 344 0.066 5
5 9 19 1 701 0.199 4
5 10 20 1 30 0.008 4
5 10 20 1 1104 0.216 6
5 12 22 1 6 0.003 6
5 11 21 1 3532 0.532 3
5 11 21 1 7480 1.180 5
5 9 19 1 587 0.130 3
5 13 23 1 32056 4.313 4
5 12 22 1 10 0.009 5
5 12 22 1 523 0.107 5
5 9 19 1 2305 0.399 1
5 9 19 1 798 0.174 3
5 9 19 1 880 0.220 6
5 9 19 1 567 0.115 8
5 11 21 1 2282 0.374 2
5 11 21 1 271 0.081 4
5 12 22 1 2 0.002 1
5 12 22 1 191 0.035 5
5 8 18 1 358 0.053 4
5 11 21 1 437 0.084 3
5 10 20 1 340 0.077 5
5 13 23 1 932 0.193 2
5 11 21 1 2 0.002 1
5 11 21 1 47 0.014 6
5 12 22 1 1693 0.243 2
5 11 21 1 463 0.093 5
5 10 20 1 1857 0.282 4
5 10 20 1 16 0.007 2
5 12 22 1 4060 0.503 6
5 10 20 1 3305 0.490 1
5 11 21 1 3607 0.625 3
5 10 20 1 2329 0.363 7
5 11 21 1 6802 1.303 3
5 11 21 1 9659 1.756 2
5 11 21 1 14813 1.876 2
5 11 21 1 3235 0.523 6
5 9 19 1 1529 0.280 5
5 11 21 1 2722 0.438 5
5 9 19 1 43 0.017 6
5 12 22 1 107 0.020 3
5 11 21 1 4650 0.752 1
5 11 21 1 1392 0.282 3
5 12 22 1 5218 0.811 9
5 10 20 1 3042 0.535 3
5 12 22 1 26 0.008 3
5 12 22 1 14183 1.285 6
5 9 19 1 2 0.002 1
5 10 20 1 555 0.070 1
5 10 20 1 2019 0.710 4
5 9 19 1 892 0.142 4
5 12 22 1 11 0.005 6
5 9 19 1 148 0.040 5
5 13 23 1 4704 0.580 6
5 9 19 1 369 0.070 5
5 12 22 1 1825 0.292 3
5 10 20 1 929 0.172 5
5 11 21 1 579 0.138 4
5 10 20 1 274 0.061 5
5 12 22 1 133 0.030 2
5 10 20 1 9595 1.466 4
5 10 20 1 1358 0.232 4
5 9 19 1 46 0.013 1
5 11 21 1 778 0.151 1
5 9 19 1 2 0.003 1
5 12 22 1 108 0.053 4
5 9 19 1 2 0.001 1
5 10 20 1 5940 0.927 4
5 10 20 1 883 0.163 5
5 9 19 1 2254 0.365 3
5 10 20 1 892 0.229 4
5 10 20 1 4167 0.716 4
5 12 22 1 12652 1.546 3
5 9 19 1 881 0.254 5
5 10 20 1 5 0.003 2
5 9 19 1 435 0.093 2
5 13 23 1 800 0.157 1
5 9 19 1 16999 2.399 4
5 13 23 1 655 0.136 5
5 11 21 1 5259 0.543 1
5 12 22 1 683 0.097 5
6 9 21 1 4248 1.014 4
6 9 21 1 27953 3.776 9
6 10 22 1 151 0.046 4
6 12 24 1 37633 5.345 4
6 10 22 1 2435 0.390 5
6 10 22 1 4155 0.760 5
6 12 24 1 855 0.161 8
6 9 21 1 33188 3.859 4
6 8 20 1 34302 5.393 6
6 11 23 1 14062 2.771 7
6 11 23 1 67764 11.612 10
6 10 22 1 1302 0.235 5
6 9 21 1 3441 0.532 4
6 12 24 1 14078 2.133 6
6 9 21 1 14260 2.793 5
6 8 20 1 11470 1.667 4
6 9 21 1 964 0.275 8
6 10 22 1 93830 12.605 6
6 11 23 1 24594 3.952 7
6 10 22 1 12913 2.252 8
6 12 24 1 13192 1.715 2
6 11 23 1 24394 2.696 5
6 12 24 1 8917 1.095 7
6 9 21 1 818 0.174 2
6 11 23 1 3046 0.876 3
6 10 22 1 11653 1.968 6
6 11 23 1 287 0.061 4
6 10 22 1 3 0.002 2
6 12 24 1 242489 30.951 3
6 10 22 1 24230 2.558 9
6 11 23 1 60478 6.000 3
6 12 24 1 639 0.159 5
6 9 21 1 2110 0.382 3
6 10 22 1 12473 2.345 5
6 11 23 1 25842 3.905 6
6 11 23 1 11717 1.627 5
6 11 23 1 4979 0.819 6
6 10 22 1 2 0.002 1
6 10 22 1 287 0.067 3
6 10 22 1 10401 1.562 6
6 10 22 1 175 0.035 4
6 8 20 1 45435 6.679 4
6 9 21 1 149 0.043 5
6 9 21 1 461 0.144 2
6 12 24 1 8816 1.189 2
6 8 20 1 1128 0.187 7
6 11 23 1 14062 1.808 7
6 9 21 1 1557 0.205 3
6 10 22 1 28337 4.440 4
6 11 23 1 6452 0.779 9
6 11 23 1 11225 2.106 3
6 10 22 1 580 0.123 5
6 9 21 1 23837 4.072 5
6 8 20 1 69 0.013 3
6 10 22 1 2 0.002 1
6 11 23 1 3606 0.659 7
6 9 21 1 21298 2.862 2
6 10 22 1 1574 0.206 6
6 10 22 1 5038 0.885 5
6 10 22 1 3023 0.421 5
6 9 21 1 14 0.002 1
6 11 23 1 1658 0.284 6
6 10 22 1 4324 0.642 3
6 11 23 1 404 0.086 2
6 11 23 1 16200 2.955 6
6 9 21 1 877 0.144 3
6 12 24 1 130553 19.339 9
6 9 21 1 132 0.026 1
6 11 23 1 8614 1.442 2
6 10 22 1 62526 9.848 1
6 10 22 1 1282 0.230 5
6 10 22 1 1730 0.296 3
6 9 21 1 7555 1.087 5
6 9 21 1 589 0.122 1
6 10 22 1 1282 0.243 5
6 12 24 1 120633 20.337 8
6 9 21 1 9573 1.664 2
6 10 22 1 2431 0.471 8
6 9 21 1 210 0.054 7
6 11 23 1 1159 0.185 3
6 10 22 1 2558 0.480 4
6 10 22 1 4935 0.569 6
6 10 22 1 142008 23.454 2
6 8 20 1 2003 0.268 5
6 9 21 1 2 0.002 1
6 9 21 1 8 0.005 3
6 11 23 1 1169 0.177 9
6 9 21 1 19694 3.490 6
6 10 22 1 42968 6.759 5
6 12 24 1 2127 0.370 6
6 11 23 1 2 0.001 3
6 10 22 1 7102 0.893 4
6 10 22 1 151 0.031 4
6 11 23 1 28684 4.490 3
6 11 23 1 28464 3.168 2
6 11 23 1 8033 0.874 4
6 9 21 1 20330 2.927 7
6 10 22 1 11817 1.987 7
6 11 23 1 22445 3.624 4
6 11 23 1 807 0.138 3
6 11 23 1 907 0.176 3
6 11 23 1 4365 0.784 3
6 12 24 1 69768 9.846 5
6 10 22 1 2 0.003 1
6 12 24 1 44175 5.819 7
6 10 22 1 600 0.164 4
6 11 23 1 3191 0.426 7
6 10 22 1 6835 0.969 6
6 10 22 1 41852 5.448 5
6 10 22 1 4462 0.719 3
6 10 22 1 11817 1.812 7
6 9 21 1 2244 0.274 4
6 9 21 1 1988 0.481 6
6 12 24 1 16721 2.145 1
6 11 23 1 223110 29.612 7
6 11 23 1 164 0.029 5
6 13 25 1 844864 141.359 10
6 12 24 1 230 0.037 5
6 9 21 1 12942 1.147 3
6 11 23 1 438 0.057 8
6 9 21 1 36922 6.148 8
6 12 24 1 844863 130.932 9
6 11 23 1 2741 0.419 5
6 11 23 1 2 0.002 5
6 9 21 1 7078 1.002 4
6 13 25 1 45 0.009 5
6 9 21 1 26216 2.979 2
6 10 22 1 17162 1.803 4
6 9 21 1 19524 2.589 3
6 11 23 1 14740 1.939 4
6 11 23 1 2040 0.500 7
6 12 24 1 59503 8.434 2
6 11 23 1 366 0.075 5
6 10 22 1 11635 1.691 6
6 9 21 1 11583 1.822 8
6 10 22 1 4458 0.537 5
6 9 21 1 260 0.059 2
6 9 21 1 2915 0.568 7
6 9 21 1 1034 0.221 4
6 10 22 1 14598 2.456 7
6 11 23 1 4889 0.754 4
6 10 22 1 738 0.115 3
6 11 23 1 4 0.002 1
6 12 24 1 2018 0.306 4
6 11 23 1 2326 0.389 3
6 11 23 1 4397 0.917 3
6 10 22 1 29983 4.572 6
6 8 20 1 8186 1.304 6
6 10 22 1 37333 5.864 5
6 11 23 1 86 0.026 5
6 12 24 1 23206 3.606 6
6 9 21 1 5825 0.871 6
6 10 22 1 526 0.114 2
6 11 23 1 58024 10.894 3
6 10 22 1 154 0.047 3
6 9 21 1 1606 0.309 7
6 11 23 1 52969 8.366 4
6 10 22 1 24631 4.093 9
6 9 21 1 7765 1.592 5
6 12 24 1 37787 5.013 7
7 9 23 1 13818 3.092 6
7 9 23 1 67632 11.131 6
7 10 24 1 262164 41.847 8
7 10 24 1 246269 43.330 3
7 9 23 1 162282 27.721 5
7 10 24 1 35657 6.133 6
7 7 21 1 5123 0.838 4
7 10 24 1 2203 0.419 9
7 9 23 1 21918 3.129 2
7 8 22 1 5830 1.296 7
7 11 25 1 354730 63.425 9
7 10 24 1 24999 5.447 7
7 8 22 1 6783 0.942 9
7 8 22 1 108360 14.307 9
7 11 25 1 181122 30.764 8
7 11 25 1 32 0.011 3
7 10 24 1 2 0.003 8
7 9 23 1 36462 5.550 6
7 10 24 1 65373 10.284 10
7 11 25 1 24957 3.787 5
7 11 25 1 46676 6.651 8
7 9 23 1 12977 1.696 7
7 8 22 1 1053 0.233 3
7 9 23 1 2137 0.337 5
7 10 24 1 774174 128.539 8
7 9 23 1 273797 42.504 3
7 10 24 1 162835 25.722 7
7 9 23 1 19017 3.140 6
7 10 24 1 11356 1.915 5
7 8 22 1 70 0.021 7
7 10 24 1 1221 0.316 3
7 9 23 1 33787 5.741 4
7 9 23 1 171509 25.611 4
7 13 27 1 97026 16.758 2
7 12 26 1 405985 76.517 8
7 9 23 1 4123 0.629 10
7 10 24 1 3509 0.679 6
7 10 24 1 262909 46.729 3
7 9 23 1 967 0.153 4
7 9 23 1 41535 4.737 5
7 10 24 1 65806 8.675 8
7 9 23 1 5774 1.271 5
7 10 24 1 12062 2.201 6
7 9 23 1 249607 38.024 9
7 11 25 1 196406 29.455 5
7 9 23 1 535078 87.348 2
7 10 24 1 7632 0.861 5
7 9 23 1 319676 30.443 2
7 8 22 1 4467 0.729 9
7 8 22 1 55231 10.118 7
7 12 26 1 40202 7.095 7
7 9 23 1 331 0.072 8
7 9 23 1 30405 4.975 10
7 9 23 1 1283 0.216 6
7 12 26 1 472480 81.355 9
7 9 23 1 19902 2.963 4
7 8 22 1 21841 3.235 6
7 10 24 1 666468 117.333 2
7 11 25 1 2 0.002 1
7 10 24 1 10049 1.581 4
7 10 24 1 571 0.113 5
7 8 22 1 169485 25.024 8
7 10 24 1 495284 58.562 10
7 9 23 1 80121 9.294 5
7 10 24 1 124897 19.502 5
7 10 24 1 372 0.095 5
7 10 24 1 519 0.137 9
7 10 24 1 374 0.092 4
7 10 24 1 4054 0.595 8
7 10 24 1 31832 4.895 10
7 9 23 1 260787 44.238 10
7 10 24 1 1996 0.387 6
7 11 25 1 106 0.029 5
7 8 22 1 201765 33.645 3
7 9 23 1 10342 1.679 2
7 7 21 1 46840 7.945 5
7 10 24 1 11913 1.944 10
7 11 25 1 760558 132.975 5
7 9 23 1 20949 1.776 8
7 8 22 1 6908 1.268 1
7 9 23 1 2596 0.524 4
7 11 25 1 20650 3.098 6
7 8 22 1 1166 0.220 1
7 9 23 1 17389 2.943 2
7 12 26 1 79886 12.781 6
7 8 22 1 167386 26.914 7
7 10 24 1 16657 2.381 10
7 9 23 1 142311 22.423 5
7 8 22 1 6151 1.160 6
7 9 23 1 615034 104.182 8
7 9 23 1 171509 27.980 4
7 9 23 1 61221 10.304 7
7 10 24 1 1877 0.345 5
7 9 23 1 28687 4.929 6
7 9 23 1 2 0.001 1
7 10 24 1 183484 30.374 8
7 8 22 1 17096 2.645 5
7 11 25 1 29017 3.973 5
7 10 24 1 49192 8.454 6
7 8 22 1 320 0.090 3
7 10 24 1 246607 44.805 6
7 9 23 1 19010 2.935 7
7 11 25 1 62827 9.474 6
7 8 22 1 757 0.156 2
7 7 21 1 61084 7.914 6
7 13 27 1 507269 93.507 5
7 8 22 1 1237 0.275 4
7 8 22 1 17577 2.219 8
7 10 24 1 78343 13.845 5
7 9 23 1 51261 7.239 11
7 9 23 1 9194 1.612 8
7 9 23 1 53859 6.543 10
7 9 23 1 52248 7.690 6
7 10 24 1 10460 1.901 11
7 13 27 1 40731 6.382 9
7 10 24 1 30018 5.045 4
7 10 24 1 160721 25.953 8
7 10 24 1 97607 16.962 5
7 10 24 1 14726 2.236 6
7 10 24 1 68680 11.925 10
7 8 22 1 64848 9.079 6
7 11 25 1 1885 0.455 7
7 8 22 1 211539 35.015 1
7 10 24 1 56601 9.374 2
7 11 25 1 10304 1.497 3
7 10 24 1 54982 5.756 5
7 10 24 1 3 0.003 2
7 11 25 1 38616 6.837 9
7 9 23 1 8921 1.647 5
7 9 23 1 11676 1.879 5
7 9 23 1 19946 3.489 5
7 10 24 1 71055 13.728 5
7 9 23 1 21568 3.707 1
7 8 22 1 110223 12.532 3
7 9 23 1 225815 35.436 9
7 8 22 1 10341 1.805 1
7 10 24 1 87179 13.015 4
7 10 24 1 43175 7.580 2
7 9 23 1 38148 6.379 8
7 11 25 1 60199 9.492 2
7 8 22 1 46094 7.810 5
7 10 24 1 90577 16.999 9
7 10 24 1 2863 0.583 7
7 9 23 1 42145 6.662 6
7 10 24 1 9907 1.543 8
7 11 25 1 17278 2.626 8
7 9 23 1 74759 12.410 6
7 10 24 1 30494 5.399 6
7 9 23 1 35163 5.475 1
7 8 22 1 144 0.032 3
7 12 26 1 118227 19.395 3
7 11 25 1 820221 108.942 2
7 9 23 1 417681 62.125 8
7 11 25 1 7446 1.291 6
7 9 23 1 121851 19.910 5
7 10 24 1 48292 6.054 8
7 11 25 1 1795 0.262 10
7 9 23 1 131 0.045 6
7 8 22 1 1341183 170.754 2
7 10 24 1 39879 6.290 4
8 10 26 1 24350 4.373 9
8 9 25 1 9093319 1309.665 8
8 9 25 1 99917 13.054 9
8 8 24 1 297117 43.105 6
8 7 23 1 59333 7.918 4
8 8 24 1 293666 40.473 8
8 6 22 1 931376 136.385 9
8 9 25 1 94449 13.008 7
8 12 28 1 114838 16.606 8
8 11 27 1 271551 37.701 11
8 9 25 1 433298 58.592 4
8 9 25 1 119562 16.382 7
8 9 25 1 94137 12.348 8
8 10 26 1 418027 58.440 9
8 7 23 1 592563 82.497 2
8 10 26 1 247482 32.879 8
8 9 25 1 1178396 171.596 6
8 8 24 1 1409 0.203 6
8 9 25 1 2104399 303.667 5
8 8 24 1 20738 2.362 9
8 7 23 1 4292 0.643 10
8 8 24 1 300464 45.414 2
8 9 25 1 147292 20.488 7
8 10 26 1 49576 8.061 9
8 10 26 1 1571980 242.716 4
8 8 24 1 38 0.008 1
8 6 22 1 359235 46.676 7
8 9 25 1 22617 3.287 10
8 10 26 1 60223 7.960 7
8 10 26 1 18014 2.420 7
8 11 27 1 14446530 1695.630 11
8 9 25 1 42478 5.957 9
8 9 25 1 89088 14.449 6
8 8 24 1 4366795 675.783 9
8 7 23 1 38172 5.820 7
8 9 25 1 960629 147.185 8
8 8 24 1 3121865 474.483 6
8 11 27 1 6302411 745.656 9
8 10 26 1 73654 10.550 10
8 11 27 1 1414283 205.672 9
8 11 27 1 760047 112.139 8
8 9 25 1 2578342 370.159 8
8 8 24 1 4149447 587.993 7
8 10 26 1 352621 52.926 9
8 11 27 1 192525 27.354 5
8 10 26 1 4 0.002 10
8 9 25 1 6092980 797.229 8
8 9 25 1 51952 6.211 4
8 9 25 1 322022 47.306 5
8 10 26 1 14805 1.874 6
8 9 25 1 1011841 143.189 9
8 9 25 1 608497 89.301 10
8 7 23 1 29867 4.006 11
8 11 27 1 3430496 568.394 5
8 10 26 1 1057516 149.683 8
8 9 25 1 72264 9.611 8
8 9 25 1 2621178 387.415 9
8 10 26 1 1420669 212.269 10
8 9 25 1 44874 6.249 7
8 10 26 1 336047 49.774 5
8 10 26 1 2222791 353.872 9
8 8 24 1 1121484 161.406 2
8 8 24 1 110809 16.016 8
8 6 22 1 3105145 337.175 12
8 10 26 1 145442 22.263 6
8 8 24 1 767774 113.750 10
8 9 25 1 3 0.002 2
8 8 24 1 277094 40.462 8
8 9 25 1 332710 48.950 9
8 7 23 1 11579221 1522.773 9
8 11 27 1 1845191 269.000 5
8 8 24 1 5014247 539.696 8
8 13 29 1 612810 96.256 4
8 10 26 1 7456 1.121 7
8 10 26 1 4006 0.603 3
8 9 25 1 383773 60.354 9
8 8 24 1 1007856 153.759 2
8 10 26 1 3 0.002 2
8 8 24 1 285841 43.287 2
8 8 24 1 21969 3.001 7
8 9 25 1 70162 10.147 8
8 8 24 1 2187476 336.114 2
8 9 25 1 280701 38.081 4
8 10 26 1 51003 7.245 5
8 10 26 1 391401 59.046 11
8 8 24 1 460398 65.926 11
8 8 24 1 6679 1.019 2
8 10 26 1 1295208 194.431 9
8 8 24 1 42428 6.011 3
8 10 26 1 19898 2.664 1
8 8 24 1 1975961 285.061 10
8 12 28 1 3842006 590.210 3
8 9 25 1 75560 10.621 5
8 8 24 1 79311 11.095 6
8 9 25 1 878563 115.904 6
8 7 23 1 25642 3.432 1
8 9 25 1 4266991 719.490 8
8 9 25 1 200673 32.756 9
8 8 24 1 321210 48.310 12
8 11 27 1 1510342 229.987 9
8 8 24 1 410847 61.019 11
8 10 26 1 3266109 403.482 3
8 9 25 1 613488 85.625 5
8 9 25 1 2064892 290.659 3
8 9 25 1 677 0.186 6
8 11 27 1 4660558 717.461 5
8 12 28 1 2009155 341.488 6
8 12 28 1 128552 16.617 9
8 10 26 1 1078307 146.846 5
8 8 24 1 532105 67.865 5
8 10 26 1 389126 53.210 6
8 10 26 1 86935 12.311 4
8 9 25 1 1199460 179.189 3
8 10 26 1 96111 14.345 6
8 11 27 1 66258 9.859 5
8 10 26 1 85926 12.569 4
8 11 27 1 2 0.001 4
8 7 23 1 972756 146.620 3
8 9 25 0 20000001 2279.769 9
8 6 22 1 931376 103.214 9
8 10 26 1 19031 2.859 4
8 9 25 1 42606 6.757 7
8 9 25 1 247143 38.007 4
8 10 26 1 171383 24.445 8
8 9 25 1 173247 26.022 6
8 10 26 1 8678 1.201 6
8 11 27 1 1044307 161.559 8
8 9 25 1 134251 18.301 4
8 8 24 1 87198 12.868 5
8 8 24 1 22689 3.380 9
8 10 26 1 64825 9.548 8
8 10 26 1 210225 32.571 8
8 9 25 1 1135052 183.535 5
8 10 26 1 24309 4.032 10
8 9 25 1 538371 84.854 4
8 10 26 1 64390 9.389 5
8 8 24 1 3062710 489.862 7
8 10 26 1 2329107 388.681 5
8 9 25 1 579240 83.003 2
8 9 25 1 346941 53.005 7
8 11 27 1 648539 96.566 9
8 8 24 1 309274 48.128 5
8 10 26 1 25966 4.067 7
8 13 29 1 612810 97.240 4
8 11 27 1 3245518 491.850 10
8 8 24 1 302969 45.464 8
8 9 25 1 24137 2.960 7
8 9 25 1 2870 0.475 1
8 10 26 1 2023470 324.371 6
8 9 25 1 29702 3.948 6
8 9 25 1 192911 28.974 7
8 9 25 1 2 0.001 1
8 10 26 1 1582240 258.213 10
8 8 24 1 25119 3.345 2
8 10 26 1 872 0.147 3
8 9 25 1 44623 6.512 2
8 9 25 1 192911 29.714 7
8 9 25 1 194033 29.121 4
8 8 24 1 158184 24.934 8
8 9 25 1 662032 100.403 9
9 9 27 1 7439785 1094.958 5
9 8 26 1 264549 41.016 7
9 8 26 1 142213 17.708 3
9 11 29 1 7043761 1094.577 10
9 10 28 1 5594720 861.831 3
9 9 27 1 4972854 717.311 5
9 9 27 1 2 0.002 4
9 10 28 1 4554788 654.055 8
9 7 25 1 1470722 203.869 9
9 9 27 1 4399360 621.790 5
9 7 25 1 2730192 417.634 4
9 6 24 1 777285 106.252 10
9 10 28 1 3133474 446.406 8
9 7 25 1 4478777 660.641 13
9 7 25 1 71272 8.685 8
9 9 27 1 5496132 787.559 8
9 9 27 1 13024907 1961.799 6
9 8 26 1 1445320 220.564 3
9 8 26 1 3859243 604.810 8
9 8 26 1 2734592 441.830 9
9 9 27 0 20000001 3008.530 6
9 9 27 1 17695 2.519 2
9 9 27 1 893715 132.309 3
9 8 26 1 112963 15.305 6
9 10 28 1 19989892 2939.736 12
9 8 26 1 12029670 1751.506 10
9 8 26 1 998205 143.375 5
9 10 28 1 932315 137.620 2
9 7 25 1 2137783 296.312 6
9 9 27 1 559806 80.850 8
9 8 26 1 589694 81.990 4
9 8 26 1 6255194 923.720 8
9 7 25 1 2020647 294.220 7
9 9 27 1 97447 18.830 8
9 9 27 1 1177029 185.162 9
9 7 25 1 32399 3.750 13
9 9 27 1 1409222 214.733 4
9 9 27 1 12020 1.823 6
9 9 27 1 4335810 658.396 10
9 8 26 1 1025867 153.095 4
9 9 27 1 5765888 821.257 3
9 7 25 1 26545 4.170 5
9 9 27 1 1354509 199.517 13
9 7 25 1 11765068 1696.848 2
9 8 26 1 1333527 201.846 10
9 8 26 1 382154 57.507 6
9 9 27 1 1628301 253.870 7
9 7 25 1 818111 107.966 6
9 8 26 1 2724530 419.881 13
9 9 27 1 6057753 958.372 10
9 8 26 0 20000001 3145.543 10
9 10 28 1 15696796 1910.328 7
9 8 26 1 14749261 2313.368 1
9 10 28 1 14681025 2251.088 5
9 8 26 1 2180525 325.178 7
9 8 26 1 1980553 295.731 12
9 8 26 1 33423 4.871 9
9 7 25 1 6732871 979.871 6
9 8 26 1 414767 57.960 5
9 8 26 1 6087190 905.494 8
9 9 27 1 1379563 196.554 14
9 8 26 1 1121560 150.245 4
9 10 28 1 588419 81.057 7
9 8 26 1 3808180 523.888 8
9 8 26 1 31736 3.908 9
9 9 27 1 6139653 964.849 10
9 7 25 1 1315195 197.758 9
9 8 26 1 151897 21.140 10
9 6 24 1 3285717 483.740 8
9 9 27 1 10736620 1756.343 10
9 7 25 1 13763301 2093.720 1
9 9 27 1 556487 86.732 9
9 9 27 1 6256186 952.736 8
9 10 28 1 6582736 946.642 4
9 11 29 1 266682 37.721 11
9 8 26 0 20000001 2788.382 3
9 9 27 1 829709 128.040 10
9 7 25 1 631724 90.349 9
9 9 27 1 1606424 265.863 9
9 8 26 1 713687 110.899 7
9 7 25 1 1131492 175.294 8
9 8 26 1 12099403 1815.864 8
9 11 29 0 20000001 3051.188 3
9 8 26 1 11268283 1294.795 3
9 10 28 1 9728495 1098.961 2
9 7 25 1 1544910 235.602 1
9 7 25 1 2368758 377.929 8
9 8 26 1 13527 1.789 11
9 9 27 1 201398 28.056 4
9 9 27 1 12256368 1816.774 4
9 9 27 1 2094092 303.529 8
9 10 28 1 2 0.001 1
9 8 26 1 8005405 1180.978 6
9 10 28 1 1679219 238.854 3
9 10 28 1 80222 10.902 8
9 9 27 1 112110 15.506 4
9 8 26 1 180482 26.790 8
9 8 26 1 2743914 411.233 9
9 8 26 1 19629552 3048.132 7
9 8 26 1 4548793 740.640 9
9 8 26 1 838222 123.795 10
9 10 28 1 7577555 1069.772 4
9 9 27 0 20000001 2416.445 10
9 9 27 1 218886 30.222 11
9 9 27 0 20000001 3078.969 6
9 9 27 1 4548177 725.070 7
9 9 27 1 2499336 379.029 7
9 10 28 1 1699873 258.678 9
9 9 27 1 180794 25.135 10
9 7 25 1 1134265 174.195 6
9 11 29 1 1019478 158.765 3
9 7 25 1 57194 8.028 10
9 8 26 1 2209569 319.067 7
9 9 27 1 1292641 196.810 6
9 9 27 1 825057 122.323 8
9 8 26 1 293312 40.374 6
9 10 28 1 9213678 1462.799 7
9 9 27 1 24853 3.271 9
9 7 25 1 6443127 993.351 2
9 8 26 1 9444104 1425.064 8
9 9 27 0 20000001 2803.315 5
9 7 25 1 936424 124.666 7
9 9 27 1 6133290 935.091 9
9 8 26 1 554966 82.932 5
9 8 26 1 14691 2.022 7
9 10 28 1 8936580 1316.019 7
9 8 26 1 5527947 746.058 8
9 10 28 1 1214511 176.288 10
9 10 28 1 3233420 447.362 10
9 6 24 1 2137782 287.152 5
9 8 26 1 9631496 1406.843 12
9 10 28 1 39918 5.732 9
9 10 28 1 10808224 1619.872 6
9 10 28 1 6350094 949.791 4
9 9 27 1 2 0.001 6
9 9 27 1 15445942 1689.942 10
9 7 25 1 1526857 207.114 10
9 11 29 0 20000001 3078.273 9
9 9 27 1 2883323 423.831 6
9 7 25 1 7350205 1113.652 6
9 10 28 1 4827005 617.286 3
9 8 26 1 878390 138.164 8
9 10 28 1 222594 30.209 1
9 8 26 1 3121866 471.346 7
9 7 25 1 91508 12.566 5
9 10 28 1 14316444 2342.462 9
9 7 25 1 612225 91.247 5
9 9 27 1 1413462 203.339 12
9 8 26 1 1413988 208.459 9
9 7 25 1 6 0.003 3
9 7 25 1 8538 1.260 7
9 7 25 1 776880 119.387 11
9 9 27 1 13560312 2077.574 7
9 7 25 0 20000001 3024.826 4
9 8 26 1 7824874 800.815 11
9 9 27 0 20000001 2300.989 7
9 8 26 1 1919529 293.023 8
9 7 25 1 4848626 742.898 9
9 9 27 1 629573 93.701 9
9 9 27 1 1866171 293.190 5
10 7 27 1 12374304 1901.017 10
10 8 28 0 20000001 2982.766 8
10 8 28 0 20000001 2938.554 9
10 8 28 1 1069743 152.229 11
10 7 27 1 416139 54.380 5
10 9 29 1 4037035 617.930 11
10 7 27 1 17104589 2496.639 2
10 8 28 0 20000001 3081.277 10
10 6 26 1 13538136 1862.732 10
10 7 27 0 20000001 3005.118 9
10 9 29 0 20000001 2756.275 12
10 8 28 0 20000001 3069.986 2
10 10 30 1 10432018 1581.193 11
10 8 28 1 17294847 2628.224 8
10 10 30 0 20000001 2898.340 8
10 7 27 1 129979 19.967 5
10 7 27 1 2048002 309.654 1
10 8 28 0 20000001 3084.447 8
10 8 28 1 7492326 1242.387 7
10 10 30 1 1394293 225.167 7
10 8 28 0 20000001 3319.956 11
10 8 28 0 20000001 3135.468 12
10 7 27 1 853139 120.674 14
10 8 28 0 20000001 3391.751 11
10 9 29 1 3889603 567.060 4
10 8 28 0 20000001 2929.969 10
10 9 29 0 20000001 3006.088 12
10 7 27 1 5847351 928.152 2
10 7 27 1 2 0.002 1
10 9 29 0 20000001 3071.453 13
10 8 28 0 20000001 3123.416 9
10 8 28 1 839236 127.636 6
10 10 30 0 20000001 2899.880 12
10 9 29 0 20000001 3112.755 13
10 8 28 1 256894 36.709 8
10 8 28 0 20000001 2927.239 11
10 7 27 0 20000001 2912.808 9
10 10 30 1 14868289 2345.709 4
10 6 26 0 20000001 2795.635 12
10 8 28 0 20000001 2921.448 4
10 9 29 1 3340682 469.939 7
10 10 30 0 20000001 2979.801 5
10 8 28 0 20000001 3003.051 6
10 9 29 0 20000001 3130.213 9
10 7 27 1 18838894 2924.968 5
10 7 27 0 20000001 2942.119 10
10 8 28 0 20000001 2777.332 13
10 8 28 1 5581433 932.860 13
10 8 28 1 12734112 1882.740 7
10 8 28 1 482340 71.086 14
10 7 27 0 20000001 3035.155 11
10 7 27 0 20000001 2916.957 10
10 8 28 0 20000001 3048.616 14
10 8 28 1 8431798 1243.014 14
10 9 29 0 20000001 3028.713 4
10 7 27 1 1566773 224.039 4
10 9 29 1 11836140 1781.309 8
10 8 28 0 20000001 3148.887 5
10 7 27 0 20000001 2938.385 10
10 8 28 1 1938891 280.083 5
10 6 26 1 2994797 409.556 6
10 9 29 0 20000001 3018.446 6
10 6 26 1 19727084 2871.636 1
10 8 28 0 20000001 2482.652 9
10 10 30 0 20000001 3038.676 4
10 7 27 1 5484804 893.737 9
10 7 27 0 20000001 3105.832 7
10 8 28 1 196 0.036 11
10 9 29 1 8673498 1383.555 1
10 9 29 1 8000233 1333.453 12
10 10 30 1 5703292 962.795 4
10 7 27 0 20000001 3169.952 7
10 6 26 1 2 0.002 1
10 8 28 0 20000001 3017.023 9
10 9 29 0 20000001 3290.329 9
10 8 28 0 20000001 3246.257 4
10 7 27 1 10195234 1567.530 1
10 8 28 0 20000001 3177.084 10
10 8 28 0 20000001 2740.270 7
10 8 28 1 16873288 2529.055 9
10 9 29 0 20000001 2836.027 3
10 8 28 0 20000001 3044.773 8
10 7 27 0 20000001 3183.091 10
10 6 26 0 20000001 2964.408 8
10 9 29 1 2673646 407.325 6
10 6 26 1 7725600 1122.156 5
10 7 27 0 20000001 2572.896 13
10 7 27 0 20000001 2365.592 9
10 7 27 1 849537 122.567 13
10 8 28 0 20000001 3246.241 8
10 8 28 0 20000001 3327.177 12
10 9 29 0 20000001 3188.181 1
10 10 30 0 20000001 3011.759 13
10 7 27 0 20000001 2980.463 13
10 8 28 0 20000001 2270.375 12
10 8 28 1 1381208 194.085 10
10 7 27 1 3370825 506.240 7
10 9 29 0 20000001 3064.047 8
10 8 28 0 20000001 3148.074 2
10 7 27 0 20000001 3112.845 8
10 8 28 0 20000001 3161.961 4
10 7 27 1 12354089 2080.293 15
10 9 29 0 20000001 2111.328 8
10 8 28 0 20000001 2213.284 12
10 7 27 1 3714697 511.289 10
10 8 28 0 20000001 3187.141 11
10 8 28 1 12193833 1756.426 11
10 7 27 1 8456089 1267.303 11
10 10 30 0 20000001 2909.651 14
10 8 28 0 20000001 3024.391 7
10 8 28 1 256894 39.524 8
10 8 28 0 20000001 2944.474 12
10 7 27 0 20000001 3016.716 9
10 9 29 0 20000001 3233.216 14
10 9 29 0 20000001 3257.875 16
10 8 28 1 1523207 232.860 10
10 7 27 1 659104 96.549 12
10 7 27 1 9739123 1519.302 5
10 10 30 1 1957837 307.311 9
10 7 27 1 3367735 506.037 8
10 9 29 1 4940145 709.247 9
10 9 29 1 970214 147.788 7
10 7 27 1 7050464 1140.889 9
10 10 30 0 20000001 3066.561 8
10 7 27 1 119413 17.139 10
10 8 28 0 20000001 3192.526 11
10 8 28 1 2996909 465.918 10
10 8 28 1 2 0.001 5
10 8 28 1 125947 16.086 10
10 7 27 0 20000001 3214.816 2
10 8 28 1 5405403 857.681 5
10 8 28 1 114357 16.492 9
10 8 28 0 20000001 3036.007 3
10 10 30 0 20000001 3362.799 8
10 9 29 0 20000001 3150.457 11
10 9 29 0 20000001 3059.115 10
10 8 28 0 20000001 3047.684 11
10 8 28 1 2 0.001 10
10 9 29 1 11424393 1715.120 13
10 8 28 1 13763896 2150.613 14
10 9 29 1 16276504 2477.912 12
10 8 28 0 20000001 3025.981 12
10 8 28 1 906469 140.830 10
10 9 29 1 1419569 204.326 10
10 8 28 0 20000001 3093.113 15
10 7 27 0 20000001 3086.430 9
10 7 27 1 544096 88.029 11
10 9 29 1 11455067 1641.357 13
10 7 27 0 20000001 2937.054 2
10 8 28 0 20000001 3116.401 4
10 9 29 1 11280574 1836.263 9
10 8 28 1 2 0.001 1
10 10 30 0 20000001 3047.760 15
10 9 29 1 17111779 2642.657 8
10 9 29 0 20000001 3022.587 3
10 8 28 0 20000001 3013.370 1
10 8 28 1 5581433 925.482 13
10 8 28 1 312699 42.749 3
10 8 28 0 20000001 2956.984 7
10 10 30 0 20000001 3330.716 7
11 9 31 0 20000001 2913.408 5
11 5 27 0 20000001 3043.707 1
11 7 29 1 9599377 1381.645 7
11 6 28 0 20000001 3186.111 11
11 9 31 0 20000001 3040.849 5
11 8 30 0 20000001 3016.322 7
11 8 30 0 20000001 3285.728 3
11 10 32 0 20000001 3437.378 8
11 8 30 0 20000001 3025.001 10
11 8 30 0 20000001 3069.970 2
11 9 31 0 20000001 3041.201 13
11 6 28 0 20000001 2908.381 10
11 8 30 0 20000001 2947.639 12
11 8 30 1 7907133 1186.509 4
11 6 28 0 20000001 3347.638 3
11 8 30 0 20000001 2997.857 9
11 8 30 0 20000001 3053.511 12
11 8 30 0 20000001 3043.028 13
11 7 29 1 15272246 2425.151 11
11 7 29 0 20000001 3033.384 10
11 10 32 1 10779774 1634.302 7
11 8 30 1 13416044 2218.299 5
11 8 30 0 20000001 3099.849 13
11 8 30 0 20000001 2873.089 14
11 5 27 0 20000001 3131.869 11
11 8 30 0 20000001 3196.172 12
11 9 31 0 20000001 3128.047 12
11 6 28 0 20000001 3131.062 2
11 7 29 0 20000001 3303.440 5
11 7 29 0 20000001 3443.672 1
11 9 31 0 20000001 2968.086 9
11 8 30 0 20000001 2517.358 7
11 6 28 0 20000001 2982.741 12
11 8 30 1 2827692 413.743 14
11 8 30 0 20000001 2983.992 9
11 7 29 0 20000001 2757.129 10
11 5 27 0 20000001 2900.032 13
11 7 29 0 20000001 2998.514 9
11 8 30 1 8732417 1337.078 13
11 7 29 0 20000001 3138.612 13
11 6 28 0 20000001 2974.416 9
11 6 28 0 20000001 3142.826 4
11 7 29 1 8212551 1156.694 12
11 7 29 0 20000001 3034.103 12
11 8 30 0 20000001 3097.569 6
11 7 29 0 20000001 3050.343 7
11 9 31 0 20000001 2947.653 8
11 7 29 0 20000001 2812.258 8
11 6 28 0 20000001 3034.920 2
11 5 27 0 20000001 3135.973 5
11 7 29 0 20000001 3018.219 10
11 9 31 0 20000001 2963.977 15
11 8 30 0 20000001 3027.892 5
11 7 29 0 20000001 3046.004 13
11 7 29 0 20000001 3046.218 12
11 9 31 0 20000001 2520.182 12
11 8 30 0 20000001 3005.044 11
11 6 28 0 20000001 2936.287 1
11 7 29 0 20000001 3058.029 13
11 6 28 0 20000001 2981.195 4
11 7 29 1 943266 136.438 10
11 7 29 0 20000001 3022.084 9
11 8 30 0 20000001 3076.811 14
11 9 31 1 4 0.002 4
11 7 29 0 20000001 3178.719 10
11 8 30 0 20000001 3008.894 8
11 8 30 1 14156360 2234.468 8
11 7 29 0 20000001 3277.693 8
11 7 29 0 20000001 3303.590 5
11 7 29 0 20000001 3310.715 4
11 8 30 0 20000001 3109.692 7
11 9 31 1 3516078 552.060 11
11 8 30 0 20000001 3077.015 8
11 9 31 0 20000001 2946.862 9
11 8 30 0 20000001 2946.699 15
11 8 30 0 20000001 2937.224 11
11 8 30 0 20000001 3051.172 1
11 8 30 1 648718 92.553 14
11 8 30 0 20000001 2740.896 6
11 9 31 0 20000001 3247.418 10
11 7 29 0 20000001 2979.171 2
11 10 32 0 20000001 3154.364 15
11 7 29 0 20000001 2933.458 8
11 9 31 0 20000001 2916.186 7
11 8 30 0 20000001 2851.890 8
11 9 31 0 20000001 2945.220 8
11 8 30 0 20000001 3108.664 8
11 8 30 0 20000001 2893.368 8
11 7 29 0 20000001 3146.182 9
11 8 30 0 20000001 3270.921 14
11 8 30 1 1836189 297.228 3
11 7 29 0 20000001 3156.600 5
11 5 27 0 20000001 3011.742 13
11 7 29 1 6259900 980.117 10
11 8 30 0 20000001 3150.993 2
11 7 29 0 20000001 3265.578 10
11 7 29 1 3414817 533.985 3
11 6 28 0 20000001 3141.988 11
11 8 30 0 20000001 2957.162 14
11 8 30 0 20000001 3014.607 5
11 10 32 0 20000001 3316.088 9
11 7 29 0 20000001 3056.702 13
11 7 29 0 20000001 3455.552 8
11 6 28 0 20000001 2619.150 12
11 7 29 0 20000001 3043.435 12
11 6 28 0 20000001 3101.158 12
11 8 30 0 20000001 3174.884 13
11 8 30 0 20000001 3017.286 14
11 8 30 0 20000001 3177.834 8
11 8 30 1 2 0.001 1
11 7 29 0 20000001 3223.547 12
11 8 30 0 20000001 3112.470 6
11 7 29 0 20000001 2946.006 11
11 8 30 0 20000001 2919.875 4
11 7 29 1 3646017 592.870 10
11 7 29 0 20000001 3081.088 10
11 10 32 0 20000001 3122.281 7
11 8 30 1 3134299 466.500 5
11 8 30 0 20000001 3017.134 12
11 7 29 1 10268239 1576.816 12
11 7 29 0 20000001 2998.447 6
11 7 29 0 20000001 3085.980 9
11 8 30 0 20000001 3117.666 3
11 7 29 0 20000001 3179.547 9
11 6 28 1 16965016 2627.391 11
11 7 29 0 20000001 3333.293 15
11 8 30 0 20000001 3250.438 12
11 6 28 1 4929668 741.950 7
11 5 27 0 20000001 2997.373 13
11 7 29 0 20000001 3080.689 8
11 8 30 0 20000001 3078.024 6
11 9 31 0 20000001 3156.650 2
11 9 31 0 20000001 3201.958 12
11 7 29 0 20000001 3023.983 10
11 9 31 0 20000001 3158.404 10
11 8 30 0 20000001 2784.731 11
11 6 28 1 1028029 161.018 10
11 10 32 0 20000001 3132.948 5
11 7 29 0 20000001 3049.306 11
11 7 29 0 20000001 3111.833 2
11 8 30 0 20000001 3072.714 16
11 6 28 0 20000001 3020.315 8
11 9 31 0 20000001 3154.312 6
11 7 29 0 20000001 3102.058 12
11 6 28 0 20000001 3028.743 10
11 9 31 0 20000001 3188.874 12
11 7 29 1 11669216 1663.903 9
11 8 30 0 20000001 3110.618 2
11 6 28 0 20000001 3012.228 9
11 7 29 0 20000001 3142.939 11
11 10 32 1 2182747 338.723 12
11 5 27 1 5102026 798.485 3
11 8 30 0 20000001 3168.483 12
11 7 29 1 815306 121.899 4
11 8 30 0 20000001 3083.435 11
11 7 29 0 20000001 3072.373 3
11 8 30 1 495 0.090 12
11 7 29 1 6477504 999.461 6
11 8 30 0 20000001 3216.337 8
11 11 33 0 20000001 3248.049 10
12 7 31 0 20000001 3372.746 10
12 7 31 0 20000001 3212.675 10
12 7 31 0 20000001 3251.474 15
12 6 30 0 20000001 3227.968 13
12 6 30 0 20000001 3157.744 12
12 8 32 0 20000001 3213.708 13
12 8 32 0 20000001 3375.546 11
12 7 31 0 20000001 2574.037 14
12 8 32 0 20000001 3169.004 13
12 7 31 0 20000001 3134.872 10
12 8 32 0 20000001 3021.458 14
12 6 30 0 20000001 2980.134 9
12 7 31 0 20000001 2944.908 1
12 7 31 0 20000001 3172.348 15
12 7 31 0 20000001 3079.937 13
12 7 31 0 20000001 2345.443 9
12 6 30 0 20000001 2914.231 10
12 8 32 0 20000001 2966.858 9
12 8 32 0 20000001 2952.837 13
12 7 31 0 20000001 2966.682 9
12 6 30 0 20000001 3135.192 13
12 8 32 1 5507281 796.109 11
12 7 31 0 20000001 2983.943 11
12 6 30 1 2 0.001 1
12 8 32 0 20000001 3096.094 8
12 8 32 0 20000001 3155.282 3
12 7 31 1 2 0.002 1
12 7 31 0 20000001 3268.199 12
12 8 32 0 20000001 3120.781 13
12 8 32 0 20000001 3075.053 12
12 6 30 0 20000001 3146.103 2
12 7 31 0 20000001 2935.631 14
12 8 32 0 20000001 3095.143 13
12 8 32 0 20000001 3055.967 18
12 7 31 0 20000001 3198.806 12
12 7 31 0 20000001 2972.071 13
12 6 30 0 20000001 3061.611 5
12 6 30 0 20000001 3022.050 1
12 8 32 0 20000001 3080.306 9
12 5 29 0 20000001 3025.907 14
12 8 32 0 20000001 3361.011 11
12 7 31 0 20000001 3083.239 12
12 6 30 0 20000001 2949.386 12
12 7 31 0 20000001 3191.716 10
12 7 31 0 20000001 3133.448 11
12 6 30 0 20000001 3261.426 9
12 6 30 0 20000001 3035.237 9
12 7 31 0 20000001 2354.146 4
12 6 30 0 20000001 3201.961 10
12 6 30 0 20000001 3098.545 13
12 6 30 0 20000001 3108.256 5
12 6 30 0 20000001 3246.310 17
12 6 30 0 20000001 3288.434 14
12 7 31 0 20000001 3055.898 14
12 6 30 0 20000001 3094.546 9
12 8 32 0 20000001 2893.140 18
12 8 32 0 20000001 2769.511 18
12 10 34 0 20000001 3137.232 13
12 6 30 0 20000001 3202.528 5
12 6 30 0 20000001 3250.964 17
12 6 30 0 20000001 2983.261 16
12 10 34 0 20000001 3103.174 9
12 5 29 0 20000001 2982.520 14
12 6 30 0 20000001 2501.153 11
12 8 32 0 20000001 3238.544 16
12 8 32 0 20000001 3106.519 2
12 5 29 0 20000001 3218.695 13
12 6 30 0 20000001 2935.392 8
12 5 29 0 20000001 3086.633 6
12 7 31 0 20000001 3290.591 18
12 8 32 0 20000001 3208.355 14
12 6 30 0 20000001 2639.624 5
12 7 31 0 20000001 3027.077 15
12 8 32 0 20000001 3050.781 8
12 6 30 0 20000001 3011.651 2
12 8 32 1 2 0.001 1
12 10 34 0 20000001 3140.759 12
12 8 32 0 20000001 3133.756 11
12 8 32 0 20000001 3276.013 2
12 7 31 0 20000001 2889.573 15
12 6 30 1 6491643 940.216 10
12 8 32 0 20000001 3058.411 3
12 7 31 0 20000001 3203.428 16
12 5 29 1 15906268 2438.456 10
12 7 31 0 20000001 3121.881 12
12 6 30 0 20000001 2959.419 13
12 6 30 0 20000001 3057.945 7
12 9 33 0 20000001 3053.108 10
12 5 29 0 20000001 3071.264 16
12 7 31 0 20000001 3029.197 11
12 6 30 0 20000001 3102.066 12
12 6 30 0 20000001 3274.722 12
12 8 32 0 20000001 3223.735 14
12 7 31 0 20000001 3106.304 9
12 7 31 0 20000001 3172.165 8
12 7 31 0 20000001 2693.790 11
12 6 30 0 20000001 2887.054 7
12 6 30 0 20000001 2970.065 12
12 6 30 0 20000001 2986.586 8
12 6 30 0 20000001 3087.558 12
12 9 33 0 20000001 3086.951 12
12 8 32 0 20000001 3069.857 6
12 7 31 0 20000001 2977.176 11
12 7 31 0 20000001 2691.188 13
12 7 31 0 20000001 2896.369 7
12 7 31 0 20000001 3063.059 13
12 8 32 0 20000001 3040.456 14
12 6 30 0 20000001 2978.643 2
12 6 30 0 20000001 3008.489 12
12 7 31 0 20000001 2988.483 11
12 8 32 0 20000001 2878.304 4
12 7 31 0 20000001 2743.967 2
12 6 30 0 20000001 2871.506 11
12 8 32 0 20000001 3051.401 13
12 6 30 0 20000001 3096.290 14
12 7 31 0 20000001 3117.553 5
12 7 31 0 20000001 2872.993 12
12 8 32 0 20000001 3066.468 10
12 6 30 0 20000001 2693.832 11
12 7 31 0 20000001 2520.207 2
12 6 30 0 20000001 3407.601 15
12 6 30 0 20000001 3268.199 14
12 6 30 0 20000001 3160.709 5
12 9 33 0 20000001 3194.902 15
12 7 31 0 20000001 3339.170 8
12 7 31 0 20000001 3348.385 3
12 7 31 0 20000001 3260.810 5
12 5 29 0 20000001 2732.102 9
12 6 30 0 20000001 3105.739 10
12 7 31 0 20000001 3241.514 11
12 6 30 0 20000001 3272.084 15
12 8 32 0 20000001 3223.051 17
12 7 31 0 20000001 3118.184 7
12 7 31 0 20000001 3051.628 2
12 8 32 0 20000001 3088.824 8
12 6 30 0 20000001 2567.413 7
12 9 33 0 20000001 3119.094 6
12 6 30 0 20000001 3052.551 12
12 6 30 0 20000001 2881.318 3
12 7 31 1 6877313 1005.133 10
12 7 31 0 20000001 2855.092 13
12 6 30 0 20000001 2858.213 3
12 7 31 0 20000001 3116.397 11
12 6 30 0 20000001 3070.158 16
12 7 31 0 20000001 3080.807 1
12 7 31 0 20000001 3055.825 5
12 5 29 0 20000001 3063.710 13
12 6 30 0 20000001 2872.738 16
12 7 31 0 20000001 2952.272 9
12 8 32 0 20000001 2908.444 3
12 7 31 0 20000001 3125.597 8
12 8 32 0 20000001 2675.530 19
12 7 31 0 20000001 3038.568 16
12 8 32 0 20000001 3350.975 13
12 7 31 0 20000001 3139.866 3
12 10 34 0 20000001 3120.247 9
12 7 31 0 20000001 3164.326 13
12 7 31 0 20000001 3380.965 12
12 6 30 0 20000001 3129.741 16
12 8 32 0 20000001 2666.712 13
13 5 31 0 20000001 3259.833 15
13 8 34 0 20000001 3091.266 13
13 7 33 0 20000001 3352.420 12
13 7 33 0 20000001 3106.697 11
13 6 32 0 20000001 2944.570 9
13 7 33 0 20000001 3252.123 8
13 5 31 0 20000001 3192.818 15
13 5 31 0 20000001 2717.369 13
13 5 31 0 20000001 3089.802 5
13 5 31 0 20000001 3098.527 12
13 6 32 0 20000001 2762.652 17
13 7 33 0 20000001 2800.949 14
13 8 34 0 20000001 3380.116 17
13 6 32 0 20000001 2971.324 10
13 5 31 0 20000001 2994.962 12
13 6 32 0 20000001 2673.668 4
13 6 32 0 20000001 3551.864 11
13 6 32 0 20000001 3280.947 16
13 8 34 0 20000001 3229.899 13
13 8 34 0 20000001 3300.353 3
13 6 32 0 20000001 3233.210 3
13 8 34 0 20000001 3228.170 15
13 7 33 0 20000001 3193.519 15
13 6 32 0 20000001 2394.950 13
13 6 32 0 20000001 2988.454 14
13 7 33 0 20000001 3017.690 13
13 6 32 0 20000001 3118.183 11
13 5 31 0 20000001 3072.234 12
13 6 32 0 20000001 2990.830 10
13 5 31 0 20000001 2970.053 7
13 7 33 0 20000001 2974.128 3
13 7 33 0 20000001 2932.334 7
13 7 33 0 20000001 3150.219 14
13 6 32 0 20000001 3174.742 2
13 6 32 0 20000001 2953.585 12
13 8 34 0 20000001 2858.920 16
13 5 31 1 3296349 461.963 13
13 7 33 0 20000001 3160.130 9
13 5 31 0 20000001 3007.876 15
13 6 32 0 20000001 3085.182 1
13 6 32 0 20000001 2861.247 3
13 7 33 0 20000001 3085.752 11
13 5 31 0 20000001 2975.340 10
13 7 33 0 20000001 3091.753 7
13 5 31 0 20000001 3123.581 15
13 7 33 0 20000001 3168.262 14
13 9 35 0 20000001 2913.106 17
13 7 33 0 20000001 2906.166 18
13 6 32 0 20000001 3205.259 16
13 5 31 0 20000001 2875.962 13
13 7 33 0 20000001 3301.601 13
13 8 34 0 20000001 3253.619 5
13 6 32 0 20000001 3132.265 15
13 7 33 0 20000001 3033.296 10
13 5 31 0 20000001 3016.866 16
13 6 32 0 20000001 2770.190 12
13 7 33 0 20000001 2898.469 15
13 8 34 0 20000001 3104.404 10
13 8 34 0 20000001 3178.958 16
13 5 31 0 20000001 3040.896 8
13 7 33 0 20000001 3046.732 7
13 7 33 0 20000001 3198.717 14
13 5 31 0 20000001 2969.605 4
13 8 34 0 20000001 2572.477 17
13 8 34 0 20000001 3121.446 14
13 6 32 0 20000001 3369.763 14
13 6 32 0 20000001 3019.286 6
13 7 33 0 20000001 2995.690 15
13 7 33 0 20000001 3122.901 12
13 8 34 0 20000001 3187.681 14
13 8 34 0 20000001 3067.367 15
13 5 31 0 20000001 2688.677 11
13 7 33 0 20000001 2919.288 8
13 6 32 0 20000001 2868.078 7
13 7 33 0 20000001 3025.785 12
13 6 32 0 20000001 3041.898 16
13 4 30 0 20000001 3126.165 15
13 7 33 0 20000001 3154.707 6
13 8 34 1 12713196 1985.138 14
13 7 33 0 20000001 3097.838 12
13 5 31 0 20000001 3042.509 17
13 5 31 0 20000001 3058.063 6
13 6 32 0 20000001 3013.440 14
13 8 34 0 20000001 3100.836 12
13 7 33 0 20000001 3105.827 3
13 8 34 0 20000001 3252.187 20
13 6 32 0 20000001 2963.935 5
13 8 34 0 20000001 3191.258 17
13 7 33 0 20000001 3266.796 20
13 7 33 0 20000001 3117.793 14
13 5 31 0 20000001 3390.739 17
13 9 35 0 20000001 3256.613 15
13 8 34 0 20000001 3261.075 8
13 6 32 0 20000001 3313.756 13
13 6 32 0 20000001 3107.779 12
13 6 32 1 2583904 395.826 11
13 6 32 0 20000001 2872.234 13
13 5 31 0 20000001 2941.965 14
13 6 32 0 20000001 3051.997 13
13 7 33 0 20000001 2994.724 11
13 8 34 0 20000001 3045.854 17
13 7 33 0 20000001 3149.092 6
13 7 33 0 20000001 3105.549 17
13 9 35 0 20000001 3046.581 7
13 6 32 0 20000001 3470.672 14
13 6 32 0 20000001 3136.115 5
13 7 33 0 20000001 3216.943 11
13 8 34 0 20000001 3146.571 4
13 7 33 0 20000001 3378.440 13
13 6 32 0 20000001 3230.273 11
13 6 32 0 20000001 3126.105 8
13 7 33 0 20000001 2793.485 8
13 7 33 0 20000001 3008.852 5
13 6 32 0 20000001 3066.158 13
13 7 33 0 20000001 3266.974 16
13 6 32 0 20000001 2797.654 6
13 6 32 0 20000001 3126.648 16
13 6 32 0 20000001 3177.893 16
13 6 32 0 20000001 3116.252 11
13 5 31 0 20000001 3127.192 6
13 7 33 0 20000001 3228.443 1
13 7 33 0 20000001 2924.000 14
13 6 32 0 20000001 2963.428 15
13 6 32 0 20000001 3113.262 19
13 7 33 0 20000001 3178.083 7
13 5 31 0 20000001 3270.546 11
13 7 33 0 20000001 3246.779 17
13 7 33 0 20000001 2544.329 15
13 6 32 1 2 0.002 1
13 6 32 0 20000001 3090.809 17
13 7 33 0 20000001 3187.236 17
13 8 34 0 20000001 2866.518 17
13 6 32 0 20000001 3158.741 16
13 6 32 0 20000001 3206.782 15
13 6 32 0 20000001 3326.261 13
13 5 31 0 20000001 2962.976 7
13 9 35 0 20000001 3441.211 14
13 7 33 0 20000001 3234.759 14
13 8 34 0 20000001 3172.612 14
13 7 33 0 20000001 3061.649 14
13 7 33 0 20000001 3162.634 9
13 6 32 0 20000001 3033.567 13
13 6 32 0 20000001 3116.383 13
13 9 35 0 20000001 2929.297 15
13 7 33 0 20000001 3183.725 14
13 7 33 0 20000001 2892.337 16
13 7 33 0 20000001 3148.533 17
13 7 33 0 20000001 3223.564 12
13 6 32 0 20000001 3196.233 16
13 7 33 0 20000001 2857.361 8
13 6 32 0 20000001 3192.180 3
13 7 33 0 20000001 2573.860 15
13 6 32 0 20000001 3199.165 13
13 5 31 0 20000001 3221.610 14
13 5 31 0 20000001 3265.327 17
13 8 34 0 20000001 3261.333 13
13 8 34 0 20000001 3338.305 9
13 8 34 0 20000001 3182.556 2
13 8 34 0 20000001 3285.909 12
13 5 31 0 20000001 2747.564 12
14 6 34 0 20000001 3131.283 13
14 5 33 0 20000001 3121.252 9
14 4 32 0 20000001 3203.112 9
14 7 35 0 20000001 3119.157 13
14 7 35 0 20000001 3070.293 14
14 6 34 0 20000001 3119.463 3
14 6 34 0 20000001 2909.615 20
14 5 33 0 20000001 3041.532 6
14 6 34 0 20000001 3050.251 14
14 6 34 0 20000001 3170.048 15
14 7 35 0 20000001 3370.470 10
14 6 34 0 20000001 3194.869 20
14 6 34 0 20000001 3207.481 8
14 5 33 0 20000001 3148.039 17
14 6 34 0 20000001 3068.830 11
14 6 34 0 20000001 2987.851 9
14 5 33 0 20000001 3330.027 17
14 8 36 0 20000001 3254.098 2
14 5 33 0 20000001 3435.260 12
14 4 32 0 20000001 3290.727 18
14 7 35 0 20000001 3275.342 3
14 6 34 0 20000001 3220.495 11
14 7 35 0 20000001 3203.845 18
14 7 35 0 20000001 2931.819 12
14 8 36 0 20000001 3098.718 14
14 5 33 0 20000001 3049.627 11
14 7 35 0 20000001 2826.937 8
14 6 34 0 20000001 3022.437 14
14 6 34 0 20000001 2874.133 12
14 6 34 0 20000001 3381.195 12
14 7 35 0 20000001 3135.377 15
14 6 34 0 20000001 2736.137 11
14 5 33 0 20000001 3094.033 19
14 5 33 0 20000001 2949.034 2
14 6 34 0 20000001 3216.524 20
14 6 34 0 20000001 3117.014 8
14 7 35 0 20000001 3072.717 13
14 6 34 0 20000001 3156.223 3
14 7 35 0 20000001 3190.952 17
14 5 33 0 20000001 3020.008 15
14 7 35 0 20000001 3164.175 11
14 7 35 0 20000001 3292.337 7
14 5 33 0 20000001 3444.666 16
14 5 33 0 20000001 3139.675 10
14 5 33 0 20000001 3194.705 5
14 5 33 0 20000001 3002.635 3
14 7 35 0 20000001 3095.895 13
14 7 35 0 20000001 2845.498 2
14 5 33 0 20000001 2776.232 9
14 7 35 0 20000001 3109.612 18
14 6 34 0 20000001 3166.567 10
14 5 33 0 20000001 3111.479 12
14 7 35 0 20000001 3062.400 8
14 5 33 0 20000001 3022.204 7
14 8 36 0 20000001 3124.321 4
14 7 35 0 20000001 2886.651 2
14 5 33 0 20000001 3094.059 8
14 6 34 0 20000001 3070.676 10
14 6 34 0 20000001 3231.766 15
14 4 32 1 136 0.028 2
14 6 34 0 20000001 3044.069 11
14 6 34 0 20000001 3187.451 13
14 8 36 0 20000001 3279.513 13
14 6 34 0 20000001 3170.296 5
14 8 36 0 20000001 3046.073 9
14 8 36 0 20000001 3273.479 13
14 6 34 0 20000001 3235.472 7
14 6 34 0 20000001 3085.420 13
14 5 33 0 20000001 2938.578 18
14 6 34 0 20000001 2897.028 19
14 7 35 0 20000001 3288.898 19
14 7 35 0 20000001 3045.547 17
14 7 35 0 20000001 3109.594 10
14 4 32 0 20000001 3204.852 13
14 5 33 0 20000001 3038.321 6
14 8 36 0 20000001 3067.622 15
14 6 34 0 20000001 3113.228 9
14 7 35 0 20000001 3234.937 5
14 5 33 0 20000001 3311.103 10
14 5 33 0 20000001 3095.384 16
14 7 35 0 20000001 3393.196 10
14 6 34 0 20000001 3085.600 15
14 6 34 0 20000001 3308.555 15
14 6 34 0 20000001 3458.228 18
14 4 32 0 20000001 3272.326 9
14 6 34 0 20000001 3249.927 16
14 5 33 0 20000001 3092.984 16
14 7 35 0 20000001 2959.333 16
14 6 34 0 20000001 2910.217 3
14 6 34 0 20000001 3305.877 20
14 7 35 0 20000001 3517.921 21
14 7 35 0 20000001 3253.291 5
14 6 34 0 20000001 3183.912 10
14 5 33 0 20000001 3391.966 9
14 6 34 0 20000001 3397.821 16
14 6 34 0 20000001 2647.085 16
14 6 34 0 20000001 3152.969 15
14 5 33 0 20000001 3413.476 9
14 7 35 0 20000001 3452.537 8
14 6 34 0 20000001 3154.110 14
14 5 33 0 20000001 3124.605 12
14 6 34 0 20000001 3385.325 14
14 6 34 0 20000001 3325.286 10
14 6 34 0 20000001 2595.692 18
14 6 34 0 20000001 3071.344 12
14 5 33 0 20000001 3243.439 13
14 5 33 0 20000001 3298.219 18
14 4 32 0 20000001 3204.961 7
14 5 33 0 20000001 2900.337 18
14 7 35 0 20000001 3249.285 15
14 6 34 0 20000001 3035.068 10
14 6 34 0 20000001 2677.116 15
14 5 33 0 20000001 3106.810 2
14 5 33 0 20000001 3083.795 12
14 6 34 0 20000001 3195.066 5
14 5 33 0 20000001 3066.218 18
14 6 34 0 20000001 3224.870 4
14 6 34 0 20000001 3080.880 17
14 5 33 0 20000001 3109.887 16
14 6 34 0 20000001 2870.154 9
14 7 35 0 20000001 3092.105 18
14 6 34 0 20000001 3049.119 9
14 6 34 0 20000001 3044.378 7
14 5 33 0 20000001 3087.319 2
14 6 34 0 20000001 3081.654 10
14 6 34 0 20000001 3018.632 12
14 6 34 0 20000001 3195.232 13
14 7 35 0 20000001 3202.402 11
14 7 35 0 20000001 3140.030 13
14 7 35 0 20000001 3075.694 12
14 6 34 0 20000001 3271.924 10
14 6 34 0 20000001 3163.961 15
14 5 33 0 20000001 2844.241 2
14 5 33 0 20000001 3141.316 17
14 5 33 0 20000001 3162.429 15
14 6 34 0 20000001 2868.945 14
14 7 35 0 20000001 3120.865 10
14 7 35 0 20000001 3390.271 19
14 6 34 0 20000001 3396.557 15
14 7 35 0 20000001 3238.239 7
14 6 34 0 20000001 3400.714 8
14 6 34 0 20000001 3022.828 15
14 6 34 0 20000001 3179.316 15
14 6 34 0 20000001 2644.296 15
14 6 34 0 20000001 2942.110 13
14 5 33 0 20000001 2926.063 13
14 6 34 0 20000001 3375.915 6
14 5 33 0 20000001 3274.466 18
14 5 33 0 20000001 3230.240 3
14 6 34 0 20000001 3498.010 17
14 6 34 0 20000001 3408.335 5
14 8 36 0 20000001 2605.967 4
14 7 35 0 20000001 3261.082 19
14 6 34 1 2 0.002 1
14 5 33 0 20000001 3399.262 19
14 6 34 0 20000001 3201.021 21
14 7 35 0 20000001 3208.131 3
14 5 33 0 20000001 3396.034 13
14 7 35 0 20000001 3271.399 18
14 5 33 0 20000001 3101.354 14
