model results/long-profile-2026-09-23/model.mlp: input 70, moves 96
single-row network eval: 11.51 us (checksum -9568.6)
getLegalMoves (start position): 16.0 ns (checksum 0)

policy games: 2000, P1 0.458 draw 0.014 P2 0.528, mean plies 24.16
  length histogram: 5:1 6:7 7:11 8:8 9:9 10:9 11:25 12:30 13:30 14:45 15:55 16:51 17:65 18:47 19:76 20:77 21:74 22:82 23:85 24:102 25:93 26:138 27:142 28:174 29:126 30:180 31:91 32:96 33:35 34:28 35:5 36:1 37:1 38:1

random games: 2000, P1 0.476 draw 0.018 P2 0.506, mean plies 19.61
  length histogram: 4:7 5:10 6:22 7:27 8:29 9:38 10:42 11:49 12:78 13:69 14:72 15:83 16:103 17:93 18:107 19:102 20:131 21:121 22:119 23:114 24:103 25:107 26:86 27:76 28:70 29:49 30:43 31:23 32:15 33:7 34:5

sign check: 4745 positions with an immediate win, mean raw value +0.411
=> value is from the side to move's perspective

PHASE A: positions from policy games
plies  | positions | legal | lines% | forced1% | top1  | entropy | w90  | pol=1ply% | rank(1ply-best) | pmass(1ply-best) | v(stm)  | |v|  | v P1-to-move | v P2-to-move
 0-4   |     10000 |  43.6 |   0.1 |     0.1 | 0.384 |   2.087 | 13.1 |     37.8 |           11.60 |            0.273 | -0.067 | 0.456 |       -0.403 |       +0.438
 5-9   |      9909 |  36.8 |   2.9 |     0.2 | 0.522 |   1.466 |  6.7 |     26.5 |           11.45 |            0.230 | +0.085 | 0.485 |       -0.331 |       +0.362
10-14  |      9480 |  32.7 |   5.2 |     1.1 | 0.474 |   1.631 |  7.3 |     18.9 |           12.32 |            0.164 | -0.035 | 0.499 |       -0.268 |       +0.314
15-19  |      8281 |  27.4 |   8.6 |     2.1 | 0.392 |   1.914 |  8.9 |     15.7 |           11.70 |            0.135 | +0.094 | 0.563 |       -0.203 |       +0.293
20-24  |      6456 |  19.8 |  14.6 |     3.9 | 0.371 |   1.915 |  8.5 |     20.4 |            8.64 |            0.170 | -0.016 | 0.686 |       -0.210 |       +0.272
25-29  |      3638 |  11.5 |  27.4 |    12.7 | 0.471 |   1.485 |  5.9 |     36.4 |            4.45 |            0.316 | +0.142 | 0.814 |       -0.137 |       +0.325
30-34  |       540 |   5.8 |  44.3 |    33.1 | 0.675 |   0.815 |  3.1 |     53.9 |            2.66 |            0.503 | +0.214 | 0.827 |       +0.026 |       +0.527
35-39  |         6 |   2.8 |  66.7 |    16.7 | 0.713 |   0.682 |  2.3 |     50.0 |            2.17 |            0.421 | +0.419 | 0.486 |       -0.016 |       +0.637
all    |     48310 |  31.3 |   7.6 |     2.5 | 0.439 |   1.758 |  8.7 |     25.7 |           10.69 |            0.211 | +0.024 | 0.551 |       -0.282 |       +0.341

PHASE A: positions from random games
plies  | positions | legal | lines% | forced1% | top1  | entropy | w90  | pol=1ply% | rank(1ply-best) | pmass(1ply-best) | v(stm)  | |v|  | v P1-to-move | v P2-to-move
 0-4   |      9993 |  42.8 |   0.4 |     0.1 | 0.288 |   2.370 | 14.3 |     22.0 |           13.22 |            0.157 | +0.022 | 0.422 |       -0.289 |       +0.489
 5-9   |      9650 |  31.6 |   5.2 |     1.2 | 0.438 |   1.819 |  8.4 |     26.2 |            9.27 |            0.208 | +0.250 | 0.475 |       -0.056 |       +0.455
10-14  |      8485 |  22.2 |  15.0 |     3.9 | 0.379 |   1.932 |  8.7 |     18.9 |            8.21 |            0.162 | +0.167 | 0.587 |       +0.032 |       +0.367
15-19  |      6363 |  15.7 |  21.2 |     7.4 | 0.414 |   1.712 |  7.0 |     23.9 |            5.83 |            0.213 | +0.263 | 0.718 |       +0.134 |       +0.349
20-24  |      3518 |  10.7 |  22.7 |    11.6 | 0.483 |   1.402 |  5.1 |     28.9 |            4.38 |            0.269 | +0.230 | 0.792 |       +0.152 |       +0.349
25-29  |      1109 |   6.8 |  23.6 |    17.9 | 0.595 |   1.011 |  3.4 |     38.6 |            3.21 |            0.371 | +0.301 | 0.803 |       +0.165 |       +0.387
30-34  |        94 |   4.4 |  16.0 |    31.9 | 0.687 |   0.746 |  2.5 |     46.8 |            2.56 |            0.480 | +0.451 | 0.769 |       +0.264 |       +0.813
all    |     39212 |  27.2 |  10.8 |     4.0 | 0.392 |   1.904 |  9.3 |     23.8 |            8.86 |            0.197 | +0.176 | 0.564 |       -0.052 |       +0.416

PHASE B: alpha-beta, network value at leaves, TT, line extension, iterative deepening to depth 6
(per depth: mean over positions of cumulative nodes, network calls, ms; EBF = calls(d)/calls(d-1))

  ordering: move ID
  ply | pos | depth | nodes      | net calls  | ms/pos   | EBF  | best=policy-top%
    0 |  12 |     1 |         49 |         48 |      0.5 |  0.0 |   0.0
    0 |  12 |     2 |        819 |        769 |      8.6 | 16.0 |   0.0
    0 |  12 |     3 |       5845 |       5418 |     65.2 |  7.0 |   0.0
    0 |  12 |     4 |      42263 |      35802 |    434.6 |  6.6 |   0.0
    0 |  12 |     5 |     305486 |     249704 |   3061.8 |  7.0 |   0.0
    0 |  12 |     6 |    1845925 |    1355781 |  13497.1 |  5.4 |   0.0
    4 |  12 |     1 |         42 |         41 |      0.4 |  0.0 |  41.7
    4 |  12 |     2 |        276 |        227 |      2.4 |  5.5 |  33.3
    4 |  12 |     3 |       3500 |       3103 |     34.8 | 13.6 |  25.0
    4 |  12 |     4 |      15371 |      11956 |    136.0 |  3.9 |  33.3
    4 |  12 |     5 |     121096 |      99064 |   1228.3 |  8.3 |  50.0
    4 |  12 |     6 |     487167 |     351824 |   3400.4 |  3.6 |  50.0
    8 |  12 |     1 |         34 |         32 |      0.3 |  0.0 |  25.0
    8 |  12 |     2 |        265 |        221 |      2.0 |  7.0 |  41.7
    8 |  12 |     3 |       2999 |       2604 |     26.0 | 11.8 |  25.0
    8 |  12 |     4 |      17134 |      13885 |    134.4 |  5.3 |  50.0
    8 |  12 |     5 |     118278 |      97102 |   1033.6 |  7.0 |  41.7
    8 |  12 |     6 |     653332 |     503577 |   4534.8 |  5.2 |  41.7
   12 |  12 |     1 |         40 |         35 |      0.4 |  0.0 |  16.7
   12 |  12 |     2 |        288 |        228 |      2.7 |  6.6 |   8.3
   12 |  12 |     3 |       2342 |       1874 |     22.4 |  8.2 |  33.3
   12 |  12 |     4 |      11550 |       8672 |    111.4 |  4.6 |  33.3
   12 |  12 |     5 |      67673 |      51782 |    588.1 |  6.0 |  25.0
   12 |  12 |     6 |     258962 |     186107 |   1669.0 |  3.6 |  33.3
   16 |  12 |     1 |         38 |         33 |      0.4 |  0.0 |  16.7
   16 |  12 |     2 |        286 |        224 |      2.3 |  6.8 |  25.0
   16 |  12 |     3 |       2637 |       2100 |     22.4 |  9.4 |  33.3
   16 |  12 |     4 |       9687 |       6940 |     79.8 |  3.3 |  41.7
   16 |  12 |     5 |      64915 |      47012 |    521.0 |  6.8 |  25.0
   16 |  12 |     6 |     330168 |     233070 |   2198.3 |  5.0 |  33.3
   20 |  12 |     1 |         28 |         22 |      0.3 |  0.0 |  25.0
   20 |  12 |     2 |        184 |        127 |      1.6 |  5.8 |  50.0
   20 |  12 |     3 |       2051 |       1478 |     21.0 | 11.6 |  33.3
   20 |  12 |     4 |       5663 |       3875 |     51.2 |  2.6 |  41.7
   20 |  12 |     5 |      41640 |      27083 |    284.0 |  7.0 |  25.0
   20 |  12 |     6 |      96051 |      59765 |    521.9 |  2.2 |  33.3

  ordering: policy
  ply | pos | depth | nodes      | net calls  | ms/pos   | EBF  | best=policy-top%
    0 |  12 |     1 |         49 |         49 |      0.5 |  0.0 |   0.0
    0 |  12 |     2 |        374 |        374 |      3.5 |  7.6 |   0.0
    0 |  12 |     3 |       3553 |       3551 |     33.7 |  9.5 |   0.0
    0 |  12 |     4 |      18426 |      18374 |    202.5 |  5.2 |   0.0
    0 |  12 |     5 |     158490 |     157666 |   1957.9 |  8.6 |   0.0
    0 |  12 |     6 |     862888 |     849514 |   8822.9 |  5.4 |   0.0
    4 |  12 |     1 |         42 |         42 |      0.4 |  0.0 |  41.7
    4 |  12 |     2 |        241 |        239 |      2.6 |  5.6 |  33.3
    4 |  12 |     3 |       2697 |       2684 |     29.7 | 11.2 |  25.0
    4 |  12 |     4 |      12891 |      12730 |    165.4 |  4.7 |  33.3
    4 |  12 |     5 |      83314 |      82187 |   1033.5 |  6.5 |  50.0
    4 |  12 |     6 |     309998 |     303247 |   3034.2 |  3.7 |  50.0
    8 |  12 |     1 |         35 |         34 |      0.4 |  0.0 |  25.0
    8 |  12 |     2 |        195 |        192 |      1.9 |  5.6 |  41.7
    8 |  12 |     3 |       2093 |       2065 |     20.6 | 10.8 |  25.0
    8 |  12 |     4 |       9884 |       9628 |    107.7 |  4.7 |  50.0
    8 |  12 |     5 |      68927 |      66972 |    700.2 |  7.0 |  41.7
    8 |  12 |     6 |     277730 |     266316 |   2579.1 |  4.0 |  41.7
   12 |  12 |     1 |         41 |         40 |      0.5 |  0.0 |  16.7
   12 |  12 |     2 |        248 |        241 |      3.3 |  6.1 |   8.3
   12 |  12 |     3 |       1794 |       1736 |     23.4 |  7.2 |  33.3
   12 |  12 |     4 |       7034 |       6695 |     94.0 |  3.9 |  33.3
   12 |  12 |     5 |      41480 |      39446 |    473.9 |  5.9 |  25.0
   12 |  12 |     6 |     139002 |     129892 |   1215.9 |  3.3 |  33.3
   16 |  12 |     1 |         37 |         36 |      0.4 |  0.0 |  16.7
   16 |  12 |     2 |        204 |        197 |      2.0 |  5.5 |  25.0
   16 |  12 |     3 |       1739 |       1666 |     17.4 |  8.4 |  33.3
   16 |  12 |     4 |       5884 |       5533 |     62.5 |  3.3 |  41.7
   16 |  12 |     5 |      36954 |      34568 |    340.0 |  6.2 |  25.0
   16 |  12 |     6 |     123344 |     112748 |   1040.1 |  3.3 |  33.3
   20 |  12 |     1 |         28 |         27 |      0.3 |  0.0 |  25.0
   20 |  12 |     2 |        156 |        144 |      1.7 |  5.4 |  50.0
   20 |  12 |     3 |       1031 |        944 |      9.8 |  6.6 |  33.3
   20 |  12 |     4 |       3451 |       3130 |     28.6 |  3.3 |  41.7
   20 |  12 |     5 |      15886 |      14116 |    121.7 |  4.5 |  25.0
   20 |  12 |     6 |      35674 |      31009 |    251.1 |  2.2 |  33.3

PHASE C: exact solver (win/draw/loss to game end), node cap 200000000
  ply | sym | pos | solved | mean nodes (solved) | max nodes | ms (solved) | W/D/L stm | net sign agrees% | net |v| on solved
   32 |  no |  24 |     24 |                   9 |        54 |         0.0 | 16/2/6   |            63.6 | 0.756
   32 | yes |  24 |     24 |                   9 |        54 |         0.0 | 16/2/6   |            63.6 | 0.756
   28 |  no |  24 |     24 |                 247 |      1696 |         0.1 | 15/1/8   |            82.6 | 0.823
   28 | yes |  24 |     24 |                 247 |      1696 |         0.1 | 15/1/8   |            82.6 | 0.823
   24 |  no |  24 |     24 |               14392 |    167159 |         2.0 | 13/0/11  |            79.2 | 0.879
   24 | yes |  24 |     24 |               14390 |    167138 |         1.9 | 13/0/11  |            79.2 | 0.879
   20 |  no |  24 |     19 |            18691796 | 200000001 |      2081.4 |  9/0/10  |            78.9 | 0.667
   20 | yes |  24 |     19 |            18505514 | 200000001 |      2306.1 |  9/0/10  |            78.9 | 0.667
   16 |  no |  24 |      6 |            35883112 | 200000001 |      5523.4 |  5/0/1   |            33.3 | 0.289
   16 | yes |  24 |      6 |            35911778 | 200000001 |      6728.4 |  5/0/1   |            33.3 | 0.289
   12 |  no |  24 |      0 |                   0 | 200000001 |         0.0 |  0/0/0   |             0.0 | 0.000
   12 | yes |  24 |      0 |                   0 | 200000001 |         0.0 |  0/0/0   |             0.0 | 0.000
    8 |  no |  24 |      0 |                   0 | 200000001 |         0.0 |  0/0/0   |             0.0 | 0.000
    8 | yes |  24 |      0 |                   0 | 200000001 |         0.0 |  0/0/0   |             0.0 | 0.000
