before 1.2482 1008 1264308
after 1.2068 1008 1264308
before 1.3415 1008 1264308
after 1.2880 1008 1264308
before 1.2782 1008 1264308
after 1.2161 1008 1264308
before 1.2554 1008 1264308
after 1.2175 1008 1264308
before 1.2947 1008 1264308
after 1.2334 1008 1264308
before 1.2836 1008 1264308
after 1.2122 1008 1264308
before 1.2566 1008 1264308
after 1.2102 1008 1264308
before 1.2628 1008 1264308
after 1.2218 1008 1264308
before 1.2516 1008 1264308
after 1.2067 1008 1264308
before 1.2781 1008 1264308
after 1.2292 1008 1264308
before 1.2605 1008 1264308
after 1.2125 1008 1264308
