 P |   n | solved | median us |   p90 us |    max us | median nodes
 9 |   7 | 100.0% |         1 |        1 |         5 |            1
10 | 164 | 100.0% |         0 |        0 |         3 |            1
11 | 300 | 100.0% |         0 |        1 |        13 |            1
12 | 300 | 100.0% |         0 |        1 |         6 |            1
13 | 300 | 100.0% |         0 |        1 |         8 |            1
14 | 300 | 100.0% |         0 |        6 |        21 |            2
15 | 300 | 100.0% |         1 |       10 |        30 |            3
16 | 300 | 100.0% |         2 |       12 |        56 |            5
17 | 300 | 100.0% |         4 |       19 |       101 |           10
18 | 300 | 100.0% |         5 |       45 |       293 |           14
19 | 300 | 100.0% |         6 |       56 |       501 |           20
20 | 300 | 100.0% |        12 |      122 |      1221 |           38
21 | 300 | 100.0% |        23 |      251 |      1342 |           67
22 | 300 | 100.0% |        63 |      611 |     12811 |          174
23 | 300 | 100.0% |       118 |     1749 |     46775 |          339
24 | 300 | 100.0% |       314 |     3752 |     31775 |          883
25 | 300 | 100.0% |       521 |    10439 |     76025 |         1455
26 | 300 | 100.0% |      1747 |    15723 |    428592 |         4451
27 | 300 | 100.0% |      2032 |    87084 |   1230424 |         5562
28 | 300 |  99.0% |      9021 |   145132 |   1503061 |        25605
29 | 300 |  98.3% |     13321 |   258236 |   1502849 |        38414
30 | 300 |  93.3% |     61732 |   928587 |   1887761 |       175488
31 | 300 |  87.3% |    151882 |  1064236 |   1907028 |       390021
32 | 300 |  63.7% |    118883 |  1229337 |   1943132 |       321606
positions 6771, solved 6596, nodes 1719522559, solve time 632.60 s (summed), wall 32.25 s
