before 501 0.3324 329 426674
after 501 0.4268 377 484090
before 502 0.3985 389 493373
after 502 0.3860 348 440276
before 503 0.3784 343 450702
after 503 0.3874 340 429502
before 504 0.3572 344 430774
after 504 0.3964 348 449483
before 505 0.4021 382 498996
after 505 0.3941 354 444963
before 506 0.3600 349 439582
after 506 0.4063 359 467855
before 507 0.4125 396 506421
after 507 0.4256 382 481873
before 508 0.3745 362 453329
after 508 0.4317 390 492073
before 509 0.3535 335 430852
after 509 0.4067 350 457128
before 510 0.3802 384 466348
after 510 0.4416 394 497715
before 511 0.4224 394 516270
after 511 0.3802 338 427076
before 512 0.3625 360 450205
after 512 0.4287 378 483090
before 513 0.3705 364 458923
after 513 0.4514 389 508561
before 514 0.4251 394 519422
after 514 0.4261 375 486697
before 515 0.4058 395 499346
after 515 0.4158 368 468842
before 516 0.3777 372 468511
after 516 0.4090 362 452378
before 517 0.3660 357 449692
after 517 0.3691 313 404825
before 518 0.3941 388 482821
after 518 0.4438 389 501230
before 519 0.3782 349 451919
after 519 0.4340 377 486203
before 520 0.3721 350 453874
after 520 0.4374 397 501491
before 521 0.3710 350 455891
after 521 0.4073 361 454893
before 522 0.3239 312 395049
after 522 0.3820 339 430345
before 523 0.3646 345 437787
after 523 0.4379 376 487007
before 524 0.3512 334 424142
after 524 0.4389 392 500042
before 525 0.3342 321 406642
after 525 0.4839 420 547032
before 526 0.3784 358 459469
after 526 0.4201 379 480047
before 527 0.3707 357 449069
after 527 0.3770 331 415116
before 528 0.3562 337 430464
after 528 0.4448 377 495483
before 529 0.3587 341 438595
after 529 0.4349 376 487285
before 530 0.3094 297 372376
after 530 0.3791 327 423450
before 531 0.4082 389 498662
after 531 0.4096 371 463004
before 532 0.3486 328 424725
after 532 0.4048 354 453946
before 533 0.3406 320 419845
after 533 0.4203 367 477721
before 534 0.4046 385 492066
after 534 0.4505 399 515668
before 535 0.3892 373 481262
after 535 0.4518 421 521374
before 536 0.3691 355 452625
after 536 0.4476 409 513743
before 537 0.3826 363 469759
after 537 0.4296 372 481918
before 538 0.3487 329 426526
after 538 0.4435 392 506160
before 539 0.3785 358 466859
after 539 0.4010 357 453615
before 540 0.3255 310 396245
after 540 0.4183 374 479272
