before 801 0.4736 304 375211
after 801 0.3573 254 319266
before 802 0.4246 259 324912
after 802 0.3701 277 351831
before 803 0.3904 254 314303
after 803 0.4120 299 369258
before 804 0.4737 310 383728
after 804 0.3492 253 319620
before 805 0.4917 304 380882
after 805 0.3602 263 331826
before 806 0.4550 303 365738
after 806 0.3639 264 337436
before 807 0.3995 271 341546
after 807 0.4033 287 358838
before 808 0.4577 294 374420
after 808 0.3971 284 361879
before 809 0.4200 273 335421
after 809 0.3422 271 322662
before 810 0.4742 281 359506
after 810 0.3957 300 372238
before 811 0.4431 276 345582
after 811 0.3867 288 355499
before 812 0.4907 305 383516
after 812 0.3599 265 340656
before 813 0.4827 301 368866
after 813 0.3490 267 341805
before 814 0.4096 272 334954
after 814 0.3943 280 368783
before 815 0.4386 289 366607
after 815 0.3638 278 343320
before 816 0.4559 294 369001
after 816 0.3898 248 312268
before 817 0.4809 289 362237
after 817 0.4028 294 370999
before 818 0.4540 271 347185
after 818 0.4211 299 376707
before 819 0.4160 281 359766
after 819 0.3641 269 334733
before 820 0.4492 290 341830
after 820 0.3954 285 358018
before 821 0.3965 268 343100
after 821 0.4459 308 387692
before 822 0.5124 310 385110
after 822 0.3993 281 353620
before 823 0.4394 262 342886
after 823 0.4013 284 350415
before 824 0.4884 314 388849
after 824 0.3679 261 338508
before 825 0.4772 315 394080
after 825 0.3939 280 352418
before 826 0.4499 280 355108
after 826 0.4075 279 355846
before 827 0.4710 292 365695
after 827 0.4114 294 364307
before 828 0.4695 287 363750
after 828 0.4385 308 385310
before 829 0.4262 278 338056
after 829 0.3540 265 339134
before 830 0.4182 271 344951
after 830 0.3378 263 326121
