before 701 0.3852 371 475815
v1 701 0.3327 375 474765
after 701 0.3163 375 474765
before 702 0.4114 405 503187
v1 702 0.3336 353 460244
after 702 0.3073 353 460244
before 703 0.4266 410 523883
v1 703 0.3247 352 457967
after 703 0.3102 352 457967
before 704 0.4100 380 483123
v1 704 0.3579 389 494417
after 704 0.3457 389 494417
before 705 0.3661 351 438612
v1 705 0.2971 327 418493
after 705 0.2946 327 418493
before 706 0.4181 372 470133
v1 706 0.3330 361 457866
after 706 0.3429 361 457866
before 707 0.3899 375 471542
v1 707 0.3503 373 469599
after 707 0.3232 373 469599
before 708 0.3630 343 438490
v1 708 0.3334 347 443053
after 708 0.3088 347 443053
before 709 0.4195 393 499062
v1 709 0.3147 329 424325
after 709 0.2942 329 424325
before 710 0.3679 353 451836
v1 710 0.3577 380 496615
after 710 0.3433 380 496615
before 711 0.3540 313 405927
v1 711 0.4043 421 536518
after 711 0.3852 421 536518
before 712 0.3180 296 376620
v1 712 0.3736 389 500694
after 712 0.3430 389 500694
before 713 0.3227 315 394043
v1 713 0.2787 302 378368
after 713 0.2558 302 378368
before 714 0.3793 352 439321
v1 714 0.3915 415 519555
after 714 0.3609 415 519555
before 715 0.3721 348 431526
v1 715 0.3413 352 455962
after 715 0.3438 352 455962
before 716 0.3916 367 466201
v1 716 0.3799 405 522652
after 716 0.3768 405 522652
before 717 0.4101 372 485686
v1 717 0.3155 332 426827
after 717 0.2890 332 426827
before 718 0.3803 365 459955
v1 718 0.3515 369 478386
after 718 0.3387 369 478386
before 719 0.4110 386 491065
v1 719 0.2853 315 396600
after 719 0.2707 315 396600
before 720 0.4101 395 497834
v1 720 0.3593 390 496216
after 720 0.3372 390 496216
before 721 0.4623 398 522404
v1 721 0.2679 300 372694
after 721 0.2524 300 372694
before 722 0.3966 374 476091
v1 722 0.3588 394 500412
after 722 0.3464 394 500412
before 723 0.4814 434 562470
v1 723 0.3593 390 489600
after 723 0.3538 390 489600
before 724 0.3688 335 431585
v1 724 0.3095 336 428707
after 724 0.3006 336 428707
before 725 0.4416 407 529255
v1 725 0.3393 363 458437
after 725 0.3247 363 458437
before 726 0.4046 359 465933
v1 726 0.3264 352 441371
after 726 0.3030 352 441371
before 727 0.4420 410 532893
v1 727 0.2912 304 388654
after 727 0.2768 304 388654
before 728 0.3868 364 446136
v1 728 0.3185 343 430494
after 728 0.3017 343 430494
before 729 0.3917 366 469295
v1 729 0.2863 321 404875
after 729 0.2701 321 404875
before 730 0.3381 323 410201
v1 730 0.3666 411 517275
after 730 0.3600 411 517275
before 731 0.4001 377 486874
v1 731 0.3441 369 477659
after 731 0.3271 369 477659
before 732 0.3786 358 457640
v1 732 0.3314 357 456354
after 732 0.3108 357 456354
before 733 0.3831 360 465944
v1 733 0.3335 366 466044
after 733 0.3158 366 466044
before 734 0.3859 361 466350
v1 734 0.3300 357 458954
after 734 0.3113 357 458954
before 735 0.4198 394 514008
v1 735 0.3620 383 501110
after 735 0.3445 383 501110
before 736 0.3579 344 435346
v1 736 0.3633 390 498468
after 736 0.3445 390 498468
before 737 0.3276 321 399254
v1 737 0.3219 361 451409
after 737 0.3035 361 451409
before 738 0.3488 332 425215
v1 738 0.3234 357 452743
after 738 0.3045 357 452743
before 739 0.3871 378 466022
v1 739 0.3917 436 550004
after 739 0.3737 436 550004
before 740 0.3248 312 395489
v1 740 0.3622 388 496749
after 740 0.3385 388 496749
