before 601 0.3517 349 445698
after 601 0.3427 374 492077
before 602 0.3796 350 466911
after 602 0.3407 384 500193
before 603 0.3549 344 437900
after 603 0.3483 386 500070
before 604 0.4033 360 477116
after 604 0.3080 347 445487
before 605 0.3797 368 473518
after 605 0.3921 417 544860
before 606 0.3947 348 453301
after 606 0.3765 405 520321
before 607 0.3773 349 447950
after 607 0.3219 346 451817
before 608 0.3235 314 394730
after 608 0.3745 382 492026
before 609 0.3632 343 433607
after 609 0.2858 318 407369
before 610 0.4075 396 500748
after 610 0.2865 328 414127
before 611 0.4059 392 503572
after 611 0.3431 393 498375
before 612 0.3835 372 471803
after 612 0.3052 353 434779
before 613 0.3423 334 418531
after 613 0.3295 380 478176
before 614 0.4122 394 500732
after 614 0.3377 372 483968
before 615 0.4030 383 490913
after 615 0.3842 418 518502
before 616 0.3933 362 465914
after 616 0.3846 407 519272
before 617 0.3627 333 424329
after 617 0.3706 377 487990
before 618 0.4393 373 482957
after 618 0.3359 352 453557
before 619 0.4494 366 483809
after 619 0.3908 407 530535
before 620 0.3981 370 480679
after 620 0.3412 366 464684
before 621 0.4264 375 481214
after 621 0.3261 351 439609
before 622 0.3885 350 448928
after 622 0.3799 406 508132
before 623 0.3910 365 475407
after 623 0.3215 345 446520
before 624 0.3648 325 418613
after 624 0.3357 371 463548
before 625 0.3823 367 463735
after 625 0.3507 369 479680
before 626 0.3676 336 427097
after 626 0.3360 371 460697
before 627 0.4040 371 478329
after 627 0.3974 408 521338
before 628 0.4089 382 483762
after 628 0.3517 376 469593
before 629 0.4073 380 472901
after 629 0.3234 359 447237
before 630 0.3592 337 427219
after 630 0.3717 397 516169
before 631 0.4074 380 481625
after 631 0.3111 332 424739
before 632 0.4072 381 483608
after 632 0.3179 351 442132
before 633 0.3975 359 468343
after 633 0.3495 362 470665
before 634 0.3917 366 460222
after 634 0.2538 287 343680
before 635 0.3729 353 437779
after 635 0.3052 323 409266
before 636 0.3826 353 437363
after 636 0.3327 340 439518
before 637 0.3958 348 450720
after 637 0.3277 329 420222
before 638 0.3882 362 456421
after 638 0.3805 362 471133
before 639 0.3784 341 427725
after 639 0.3242 326 410632
before 640 0.4263 363 470264
after 640 0.4161 409 526551
