# callgrind format
version: 1
creator: callgrind-3.22.0
pid: 801880
cmd:  /home/max/projects/corintho-ai/bench/results/long-profile-2026-09-23/bin/selfplay_nn - /home/max/projects/corintho-ai/bench/results/long-profile-2026-09-23/model.mlp 48 1600 16 1 901
part: 6


desc: I1 cache: 65536 B, 64 B, 8-way associative
desc: D1 cache: 32768 B, 64 B, 8-way associative
desc: LL cache: 25165824 B, 64 B, 12-way associative

desc: Timerange: Basic block 3912795405 - 4645941523
desc: Trigger: dump

positions: line
events: Ir Dr Dw I1mr D1mr D1mw ILmr DLmr DLmw Bc Bcm Bi Bim
summary: 1142712990 223493590 70381626 8 5953157 2301893 8 450882 218474 113755947 5876790 65875 238


ob=(9) /usr/lib/x86_64-linux-gnu/libstdc++.so.6.0.33
fl=(222) ???
fn=(2076) operator new(unsigned long)
0 22 0 6
cob=(4) ???
cfi=(178) ???
cfn=(1534) 0x0000000004ca7210
calls=2 0 
0 592 106 70 0 31 6 0 7 2 109 20 2 2
0 10 6 0 0 0 0 0 0 0 2

fn=(2148) operator new[](unsigned long)
0 4
cob=(4)
cfi=(178)
cfn=(2072) 0x0000000004ca6cc0
calls=2 0 
0 628 114 76 0 33 6 0 9 2 111 20 4 2

fn=(2230) operator delete(void*)
0 8
cob=(4)
cfi=(178)
cfn=(2232) 0x0000000004ca7c60
calls=4 0 
0 660 192 120 0 60 3 0 2 0 104 11 4

fn=(2286) operator delete[](void*)
0 8 0 0 1 0 0 1
cob=(4)
cfi=(178)
cfn=(2226) 0x0000000004ca7430
calls=5 0 
0 676 196 120 0 64 3 0 4 0 104 11 8 4

ob=(1) /usr/lib/x86_64-linux-gnu/ld-linux-x86-64.so.2
fl=(1) ???
fn=(0) 0x000000000001f540
cob=(11) /home/max/projects/corintho-ai/bench/results/long-profile-2026-09-23/bin/selfplay_nn
cfi=(263) ???
cfn=(2022) (below main)
calls=0 0 
0 1142712990 223493590 70381626 8 5953157 2301893 8 450882 218474 113755947 5876790 65875 238

ob=(4)
fl=(178)
fn=(2232)
0 8 4 0 0 4 0 0 2 0 0 0 4
cob=(2) /usr/lib/x86_64-linux-gnu/libc.so.6
cfi=(202) ./malloc/./malloc/malloc.c
cfn=(1948) free
calls=4 3359 
0 652 188 120 0 56 3 0 0 0 104 11

fn=(2822) 0x000000000010a680
0 8 4 0 0 4 0 0 0 0 0 0 4 1
cob=(9)
cfi=(222)
cfn=(2286)
calls=4 0 
0 684 196 120 1 64 3 1 4 0 104 11 8 4

fn=(2072)
0 4 2 0 0 2 0 0 2 0 0 0 2
cob=(9)
cfi=(222)
cfn=(2076)
calls=2 0 
0 624 112 76 0 31 6 0 7 2 111 20 2 2

fn=(2212) 0x000000000010a520
0 4 2 0 0 2 0 0 0 0 0 0 2
cob=(2)
cfi=(211) ./string/../sysdeps/x86_64/multiarch/memset-vec-unaligned-erms.S
cfn=(750) __memset_avx2_unaligned_erms
calls=231 158 
0 131106 4 131072 0 4 2048 0 0 2047 131080 5

fn=(2226)
0 8 4 0 0 4 0 0 2 0 0 0 4 4
cob=(9)
cfi=(222)
cfn=(2230)
calls=4 0 
0 668 192 120 0 60 3 0 2 0 104 11 4

fn=(2610) 0x000000000010a810
0 21984 10992 0 0 10403 0 0 0 0 0 0 10992 2
cob=(8) /usr/lib/x86_64-linux-gnu/libgomp.so.1.0.0
cfi=(188) ???
cfn=(2612) GOMP_loop_ull_dynamic_next
calls=10992 0 
0 273426 87936 32518 0 39019 0 0 0 0 43968 1577

fn=(2078) 0x000000000010a590
0 108810 54405 0 0 7655 0 0 0 0 0 0 54405 229
cob=(2)
cfi=(243) ./string/../sysdeps/x86_64/multiarch/memmove-vec-unaligned-erms.S
cfn=(1900) __memcpy_avx_unaligned_erms
calls=54405 255 
0 673722 169041 112694 0 10731 36512 0 659 16985 137188 809

fn=(2402) 0x000000000010a450
0 4 2 0 0 2 0 0 2 0 0 0 2
cob=(9)
cfi=(222)
cfn=(2148)
calls=2 0 
0 632 114 76 0 33 6 0 9 2 111 20 4 2

fn=(2452) 0x000000000010a6e0
cob=(8)
cfi=(188)
cfn=(2454) GOMP_parallel
calls=458 0 
0 1142712990 223493590 70381626 8 5953157 2301893 8 450882 218474 113755947 5876790 65875 238

fn=(1534)
0 4 2 0 0 2 0 0 2 0 0 0 2 2
cob=(2)
cfi=(202)
cfn=(704) malloc
calls=2 3294 
0 588 104 70 0 29 6 0 5 2 109 20

fn=(2530) 0x000000000010a5e0
0 458 229 0 0 0 0 0 0 0 0 0 229
cob=(8)
cfi=(188)
cfn=(2532) GOMP_loop_ull_dynamic_start
calls=229 0 
0 33892 9389 8473 0 0 79 0 0 0 4122 836

fn=(2616) 0x000000000010a4f0
0 458 229 0 0 229 0 0 0 0 0 0 229
cob=(8)
cfi=(188)
cfn=(2618) GOMP_loop_end_nowait
calls=458 0 
0 8931 3435 2061 0 458 458 0 0 0 1374 323

ob=(8)
fl=(188)
fn=(2532)
0 9389 2061 2748 0 0 0 0 0 0 916 220
cfn=(2534) 0x0000000000024750
calls=229 0 
0 12824 3893 3893 0 0 79 0 0 0 1145 167
0 11679 3435 1832 0 0 0 0 0 0 2061 449

fn=(2612)
0 273426 87936 32518 0 39019 0 0 0 0 43968 1577

fn=(2534)
0 7099 1603 2061 0 0 0 0 0 0 916 167
cfn=(2504) 0x0000000000024680
calls=458 0 
0 3893 916 1603 0 0 79 0 0 0 229
0 1832 1374 229

fn=(2454)
cob=(11)
cfi=(298) /home/max/projects/corintho-ai/bench/../corintho_ai/cpp/src/trainer.cpp
cfn=(2528) Trainer::doIteration(float*, float*, int) [clone ._omp_fn.0]
calls=229 206 
0 1142712990 223493590 70381626 8 5953157 2301893 8 450882 218474 113755947 5876790 65875 238

fn=(2504)
0 3893 916 1603 0 0 79 0 0 0 229

fn=(2618)
0 8931 3435 2061 0 458 458 0 0 0 1374 323

ob=(11)
fl=(266) /home/max/projects/corintho-ai/bench/selfplay_nn.cpp
fn=(2060) main
fi=(298)
cob=(4)
cfi=(178)
cfn=(2452)
calls=229 0 
206 1142712990 223493590 70381626 8 5953157 2301893 8 450882 218474 113755947 5876790 65875 238
fe=(266)

fl=(308) /home/max/projects/corintho-ai/bench/../corintho_ai/cpp/src/node.cpp
fn=(2730) Node::syncStats()
269 12538671 4179557 0 0 56040 0 0 4641 0 4179557 184196
+2 3649497 3649497 0 0 393734
+5 7298994 7298994
-3 10948491 7298994 0 0 393823
+1 3649497
+2 3649497 0 3649497 0 0 434143 0 0 2509
-2 3649497
+3 14597988 3649497 3649497 0 0 247995 0 0 1974
112 3649497 3649497
279 7400024 0 0 0 0 0 0 0 0 3689909 16271
+2 530060 530060
-2 3629291 3629291
-1 7258582 0 3629291 0 0 215562 0 0 5464
+3 3629291 3629291
-3 40412 0 20206 0 0 929 0 0 210
+3 20206 20206

fn=(2734) Node::Node(Game const&, Node*, Node*, int, int)
38 345996 0 172998
+2 172998
fi=(309) /home/max/projects/corintho-ai/bench/../corintho_ai/cpp/src/game.cpp
307 172998
fe=(308)
40 172998
fi=(309)
305 172998
fe=(308)
38 1383984 0 864990 0 0 1
+2 172998 172998 0 0 49697 0 0 4916
-2 518994 172998 172998 0 2345
fi=(323) /home/max/projects/corintho-ai/bench/../gsl/include/gsl/util
+63 172998 0 172998 0 0 125137 0 0 30033
fi=(309)
297 172998
fe=(308)
40 518994 172998 345996
+2 172998
fi=(309)
305 172998
+2 172998 172998 0 0 26855
fe=(308)
42 345996 0 345996
fi=(309)
307 172998
+1 172998 172998
fe=(308)
42 345996 0 345996
fi=(323)
+59 172998 0 172998
fe=(308)
-59 345996 0 345996
fi=(309)
308 172998 0 0 0 0 0 0 0 0 172998 28829
+2 740510 296204
+1 148102
-1 148102
+1 148102 148102 296204 0 0 139
-1 148102 0 148102
+13 148102
fe=(308)
45 148102
fi=(309)
323 296204 148102 444306
+4 444306 0 148102
fe=(308)
45 148102 0 148102 0 0 5
cfi=(309)
cfn=(2592) Node::initializeEdges()
calls=148102 340 
* 130246680 10101546 12328623 0 263734 138885 0 64914 12975 10975927 859705
fi=(309)
323 24896
fe=(308)
45 24896
fi=(309)
323 49792 24896 74688 0 0 32
+4 74688 0 24896
fe=(308)
45 24896 0 24896
cfi=(309)
cfn=(2592)
calls=24896 340 
* 22570485 1720236 2183120 0 39715 23883 0 11539 2258 1931208 143042
+3 172998 172998
225 172998 172998
+1 691992 345996 0 0 0 0 0 0 0 172998 79235
+38 100123 100123
-1 200246 0 100123
+1 200246 0 100123 0 0 1256 0 0 965
48 100123 0 100123
+1 300369 200246 0 0 0 0 0 0 0 100123 199
263 145750 0 72875
+1 145750 0 72875
48 72875 0 72875 0 0 2
+1 218625 145750 0 0 2 0 0 0 0 72875
+1 172998
-1 172998
+1 1037988 1037988 0 0 2
-1 172998
cfn=(2730)
calls=172998 269 
* 3994470 1726101 518994 0 3 41817 0 0 10157 353754 4084
fi=(309)
313 24896 24896
+6 24896
-6 24896
+6 49792
-1 49792
+2 24896
-10 24896 24896
+10 49792
fe=(308)
-84 72875
+6 72875 72875
-4 309970 0 0 0 0 0 0 0 0 72875 21764
fi=(304) /home/max/projects/corintho-ai/bench/../corintho_ai/cpp/include/arena.h
68 109480 54740 0 0 0 0 0 0 0 54740
fe=(308)
238 32386
fi=(304)
68 36270 18135 0 0 0 0 0 0 0 18135
fi=(320) /home/max/projects/corintho-ai/bench/../corintho_ai/cpp/include/node.h
191 72875
fi=(304)
90 72875
fi=(320)
192 72875
-1 72875 0 72875
+1 145750
fi=(304)
89 145750 0 0 0 0 0 0 0 0 72875 1065
+3 72540
-48 364375 72875 0 0 0 0 0 0 0 72875 301
+2 72600 72600 0 0 71490 0 0 5492
fe=(308)
246 72600
fi=(304)
46 72600 0 72600
fe=(308)
246 72600 0 0 0 0 0 0 0 0 72600
+14 72875 0 72875
+3 72875 72875
fi=(323)
101 145750 0 72875
fe=(308)
239 36270 0 0 0 0 0 0 0 0 18135 8118
+1 25494 0 0 0 0 0 0 0 0 6859 2356
fi=(304)
49 1100 0 275
+1 825 275 0 0 0 0 0 0 0 275 2
+2 273 273 0 0 253
+1 273 273
+1 273
-1 273
fe=(308)
246 273
fi=(304)
53 273 0 273
+1 273 0 273
fe=(308)
246 273 0 0 0 0 0 0 0 0 273
fi=(304)
53 2 2
+1 2
-1 2
fe=(308)
246 2
fi=(304)
53 2 0 2
+1 2 0 2 0 0 2
fe=(308)
246 2 0 0 0 0 0 0 0 0 2 2
+3 18135 18135 0 0 2
-1 18135 18135
fi=(321) /usr/include/x86_64-linux-gnu/bits/string_fortified.h
29 18135
fe=(308)
250 18135
fi=(321)
29 18135
fe=(308)
250 18135 0 18135
fi=(321)
29 36270 0 36270
cob=(4)
cfi=(178)
cfn=(2078)
calls=18135 -29 
* 262034 78366 40154 0 18383 10772 0 659 6946 42096 603 18135 229
fe=(308)
252 18135 18135
-1 18135 18135
+1 18135
fi=(321)
29 18135
fe=(308)
251 18135 18135
+1 36270 0 18135
-1 54405 0 18135
fi=(321)
29 18135
fe=(308)
252 18135 0 18135
-1 18135 0 18135
fi=(321)
29 36270 0 36270
cob=(4)
cfi=(178)
cfn=(2078)
calls=18135 -29 
* 260249 72540 36270 0 2 16450 0 0 6862 47546 206 18135
fe=(308)
254 18135 18135
fi=(321)
29 36270 18135
fe=(308)
253 18135 18135
+1 36270
-1 36270
fi=(321)
29 36270 0 36270
cob=(4)
cfi=(178)
cfn=(2078)
calls=18135 -29 
* 260249 72540 36270 0 1 9290 0 0 3177 47546 0 18135
fe=(308)
257 18135 18135
fi=(321)
29 72540 54405
fe=(308)
256 18135
+1 18135
fi=(321)
29 109343 18135 0 0 0 0 0 0 0 45604
fi=(320)
192 54405
fi=(304)
68 36270 18135 0 0 0 0 0 0 0 18135 4663
+22 18135
-1 36270 0 0 0 0 0 0 0 0 18135
+3 27436
-30 27436 6859 6859
+1 13718 0 6859
-1 45104 11276 11276
+1 22552 0 11276
fi=(321)
-34 23304 3884 3884 0 1 1735 0 0 1024 1942 227
fe=(308)
239 22552
fi=(277) /usr/include/c++/13/bits/unique_ptr.h
1085 4 0 2
cob=(4)
cfi=(178)
cfn=(2402)
calls=2 0 
* 636 116 76 0 35 6 0 11 2 111 20 6 2
* 8 0 2
cob=(4)
cfi=(178)
cfn=(2212)
calls=2 0 
* 131110 6 131072 0 6 2048 0 0 2047 131080 5 2
176 2 0 2 0 0 2
fi=(282) /usr/include/c++/13/bits/vector.tcc
-62 6 4 0 0 2 0 0 0 0 2 2
fi=(307) /usr/include/c++/13/tuple
302 2 0 2 0 0 2
fi=(282)
119 4 0 2
fi=(277)
+80 2 2
fi=(304)
79 4
fi=(321)
-50 103517 32386 32386 0 0 8855 0 0 2464 11276
fe=(308)

fn=(2790) Node::~Node()
23 1008 0 756
+1 252 252
-1 252
+1 504 0 0 0 0 0 0 0 0 252 5
fi=(304)
+44 496 248 0 0 28 0 0 0 0 248
fi=(320)
191 248 248 0 0 134 0 0 67
fe=(308)
25 248 248
fi=(320)
192 744
fi=(304)
59 496 0 0 0 0 0 0 0 0 248 50
+31 248
-1 496 0 0 0 0 0 0 0 0 248 82
+3 896
-30 896 224 224 0 0 221 0 0 76
+1 224 0 224
fe=(308)
-37 672 224 0 0 0 0 0 0 0 224
fi=(304)
+36 96 24 24 0 0 19 0 0 6
+1 24 0 24
fe=(308)
-37 72 24 0 0 0 0 0 0 0 24
fi=(304)
+42 496 248 0 0 0 0 0 0 0 248
-6 496 248 248 0 0 136 0 0 63
+1 248 0 248
fe=(308)
-35 756 252 0 0 20 0 0 7 0 252 113
+1 1234 252 239 0 0 0 0 0 0 252 11
cfn=(2791) Node::~Node()'2
calls=239 -6 
* 7939530 2718783 1606351 0 411613 296884 0 210846 137913 1416740 141975
fi=(304)
+39 478 239 0 0 0 0 0 0 0 239
-6 478 239 239 0 0 158 0 0 31
+1 239 0 239
fe=(308)
-33 1008 1008 0 0 99

fn=(2791)
23 747760 0 560820 0 0 4168 0 0 21
+1 186940 186940 0 0 183340 0 0 96155
-1 186940
+1 373880 0 0 0 0 0 0 0 0 186940 3279
fi=(304)
+44 367582 183791 0 0 0 0 0 0 0 183791
fi=(320)
191 183791 183791 0 0 180308 0 0 96537
fe=(308)
25 183791 183791
fi=(320)
192 551373
fi=(304)
59 367582 0 0 0 0 0 0 0 0 183791 42392
+31 58923
-1 117846 0 0 0 0 0 0 0 0 58923 12189
+3 46476
-30 46476 11619 11619 0 0 11602 0 0 4951
+1 11619 0 11619
fe=(308)
-37 34857 11619 0 0 0 0 0 0 0 11619
fi=(304)
+36 189216 47304 47304 0 0 47262 0 0 23129
+1 47304 0 47304
fe=(308)
-37 141912 47304 0 0 0 0 0 0 0 47304
fi=(304)
+42 367582 183791 0 0 0 0 0 0 0 183791
-6 367582 183791 183791 0 0 174639 0 0 85383
+1 183791 0 183791
fe=(308)
-35 816376 186940 127778 0 42580 1528 0 18154 0 186940 58939
cfn=(2791)
calls=127778 -5 
* 104866402 36343794 21109072 0 5564570 3868679 0 2832025 1741191 18779439 1711880
fi=(304)
+40 255556 127778 0 0 0 0 0 0 0 127778 251
-6 255556 127778 127778 0 0 39606 0 0 16992
+1 127778 0 127778
fe=(308)
-34 678666 186940 58923 0 3324 31 0 0 0 186940 24924
cfn=(2791)
calls=58923 -6 
* 22974200 7945600 4572499 0 1226242 833217 0 622428 387871 4120168 435488
fi=(304)
+39 117846 58923 0 0 0 0 0 0 0 58923 1
-6 117846 58923 58923 0 0 18048 0 0 7437
+1 58923 0 58923
fe=(308)
-33 747760 747760 0 0 2061

fl=(298)
fn=(2528)
206 2290 0 1374
fi=(280) /usr/include/c++/13/bits/stl_vector.h
993 229
fe=(298)
206 2061 916 229
fi=(280)
993 687 458 229
fe=(298)
206 458 229 229
fi=(280)
993 687
fe=(298)
206 229 0 229
fi=(280)
992 916 0 687
cob=(4)
cfi=(178)
cfn=(2530)
calls=229 0 
* 34350 9618 8473 0 0 79 0 0 0 4122 836 229
* 1145 458 229 0 0 0 0 0 0 229
cob=(4)
cfi=(178)
cfn=(2616)
calls=229 0 
* 9389 3664 2061 0 687 458 0 0 0 1374 323 229
fe=(298)
206 35495 24045 10992 0 9456 0 0 0 0 229 51
cob=(4)
cfi=(178)
cfn=(2610)
calls=10992 0 
* 295410 98928 32518 0 49422 0 0 0 0 43968 1577 10992 2
* 87936 21984 0 0 0 0 0 0 0 21984 2129
+2 32976 21984 0 0 18253 0 0 0 0 10992 357
fi=(280)
993 31896 21264 0 0 9065
fe=(298)
214 10632 10632
fi=(280)
993 31896
fi=(268) /usr/include/c++/13/bits/stl_algobase.h
262 21264 0 0 0 0 0 0 0 0 10632
fe=(298)
-46 10632 10632
-2 21264 0 0 0 0 0 0 0 0 10632
+5 10632 10632 0 0 9209
fi=(280)
1129 10632
fe=(298)
218 10632 10632
+1 21264
fi=(280)
1129 10632
fe=(298)
219 10632
-1 31896 10632
fi=(300) /home/max/projects/corintho-ai/bench/../corintho_ai/cpp/src/selfplayer.cpp
-95 53160 10632 10632 0 10401
cfi=(301) /home/max/projects/corintho-ai/bench/../corintho_ai/cpp/src/trainmc.cpp
cfn=(2556) TrainMC::doIteration(float*, float*)
calls=10632 +21 
* 1127130725 219229606 68349553 0 5400689 1990229 0 221051 78227 111526814 5690666 53903 227
+2 21264 0 0 0 0 0 0 0 0 10632 4
+1 220 0 110
cfn=(2776) SelfPlayer::chooseMoveAndContinue()
calls=110 253 
* 14769227 3996640 1964077 8 445972 311124 8 229831 140247 2114229 180847 522 9
fe=(298)
+95 220 0 0 0 0 0 0 0 0 110
+1 12 4 4 0 3 3

fl=(263)
fn=(2022)
cob=(2)
cfi=(264) ./csu/../csu/libc-start.c
cfn=(2024) __libc_start_main@@GLIBC_2.34
calls=0 242 
0 1142712990 223493590 70381626 8 5953157 2301893 8 450882 218474 113755947 5876790 65875 238

fl=(300)
fn=(2780) SelfPlayer::chooseMove() [clone .part.0]
241 1488 124 868
+5 868 124 124 0 0 113
cfi=(301)
cfn=(2782) TrainMC::chooseMove(float*, float*)
calls=124 116 
* 4665159 1574328 922024 2 238376 173629 2 87239 56746 832804 82050
fi=(282)
114 248 248 0 0 102
fe=(300)
246 124
fi=(282)
114 496 248 0 0 202 0 0 0 0 124 4
+5 3968 1860 1984 0 707 870
fi=(326) /home/max/projects/corintho-ai/bench/../corintho_ai/cpp/include/selfplayer.h
-97 6324 3100 3224 0 101 1597 0 0 1285
fi=(282)
+97 248 0 124
fe=(300)
251 1488 1116 0 0 101 0 0 0 0 124 78

fn=(2776)
253 1320 110 770
+5 110
fi=(277)
-59 110 110 0 0 58 0 0 33
fe=(300)
+60 220 0 0 0 0 0 0 0 0 110 4
fi=(277)
-60 14 14 0 0 1
fe=(300)
+60 28 0 0 0 0 0 0 0 0 14 2
+4 928 392 0 0 4 0 0 0 0 144 6
fi=(280)
993 16 8
fe=(300)
264 8 0 4
-22 248 124 0 0 24 0 0 14 0 124 8
fi=(277)
-43 124 124 0 0 25
fe=(300)
+68 248 0 0 0 0 0 0 0 0 124 4
+4 744 372 0 0 129
fi=(308)
108 124
fe=(300)
271 248 0 0 0 0 0 0 0 0 124 3
+5 360 0 120
+2 840 120 0 0 111 0 0 13 0 120
+8 240 240 0 0 114 0 0 58
fi=(301)
-97 240 0 0 0 0 0 0 0 0 120
-2 120
+1 240
+7 319 319 0 0 149 0 0 84
-6 1273 0 0 0 0 0 0 0 0 319 3
fi=(308)
81 316 316 0 0 315 0 0 171
fi=(301)
190 632 0 0 0 0 0 0 0 0 316 69
fi=(308)
81 120 120 0 0 118 0 0 67
fi=(301)
190 240 0 0 0 0 0 0 0 0 120 64
506 234 0 0 0 0 0 0 0 0 117
+4 58 58
+1 58 58 0 0 18 0 0 12
fi=(308)
133 116 0 58
284 174 0 58
fi=(301)
517 174 0 116 0 0 51
cfi=(308)
cfn=(2790)
calls=58 23 
* 2001350 684996 404900 0 104064 73617 0 71079 46457 357029 35848
fi=(308)
133 59
284 177 0 59
fi=(301)
517 177 0 118 0 0 49
cfi=(308)
cfn=(2790)
calls=59 23 
* 1281989 438854 259221 0 66774 47081 0 48514 31568 228756 23223
fi=(304)
68 351 234 0 0 95 0 0 0 0 117 3
-6 234 117 117 0 0 96 0 0 22
fi=(301)
518 117
fi=(304)
63 117 0 117
fi=(301)
518 117
+2 117 0 117 0 0 96 0 0 14
fe=(300)
294 234
fi=(301)
518 117 0 117 0 0 22
fe=(300)
294 585 117 117 0 95
cfi=(301)
cfn=(2556)
calls=117 144 
* 6645065 1238508 340355 0 26738 9005 0 17249 830 667702 37024 510 4
-36 234 0 0 0 0 0 0 0 0 117 2
+39 106
+1 1210 990 0 0 218 0 0 0 0 110 4
fi=(325) /home/max/projects/corintho-ai/bench/../corintho_ai/cpp/src/move.cpp
21 248 0 124
cfi=(300)
cfn=(2780)
calls=124 241 
* 4680411 1581148 928348 2 239589 176209 2 87239 58031 833052 82132
* 248
fi=(301)
199 12 0 9 0 0 3
cfi=(308)
cfn=(2790)
calls=3 23 
* 140887 48383 28535 0 7202 4849 0 5281 3322 25139 2380
fi=(304)
68 12 9 0 0 3 0 0 0 0 3 1
-6 3 3
fi=(301)
202 3
fi=(308)
89 3
fi=(301)
202 3
fi=(304)
62 3 0 3 0 0 3 0 0 1
+1 3 0 3
fi=(301)
201 12 0 3 0 0 3
+1 3 0 3
cfn=(2806) TrainMC::createRoot(Game const&, int)
calls=3 +9 
* 2709 249 295 0 10 2 0 1 0 232 28
+2 3 3
fi=(321)
29 3
fi=(301)
204 3 3 0 0 3 0 0 1
fi=(309)
+80 3
fi=(267) /usr/include/c++/13/bitset
506 3 3
fi=(309)
278 6
fi=(321)
29 18 6 3 0 5 3
fi=(309)
278 6
fi=(321)
29 9 3 3 0 0 2
fi=(309)
278 6
fi=(321)
29 9 3 3
fi=(309)
278 6
fi=(321)
29 9 3 3 0 0 1
fi=(309)
278 6
fi=(321)
29 9 3 3
fi=(309)
278 6
fi=(321)
29 9 3 3 0 1 2
fi=(309)
278 6
fi=(321)
29 9 3 3 0 1
fi=(309)
278 6
fi=(321)
29 9 3 3 0 1 1
fi=(309)
278 6
fi=(321)
29 9 3 3 0 1
fi=(309)
278 6
fi=(321)
29 9 3 3 0 0 2
fi=(309)
278 6
fi=(321)
29 9 3 3
fi=(309)
278 6
fi=(321)
29 9 3 3 0 0 1
fi=(309)
278 6
fi=(321)
29 9 3 3
fi=(309)
278 6
fi=(321)
29 6 0 3 0 0 2
fi=(309)
278 3
fi=(321)
29 12 6 3
fi=(309)
284 3 3 0 0 3
fi=(321)
29 3 0 3 0 0 1
fi=(309)
284 81 6
-1 3 0 3
+1 42 3
-1 3 0 3
+1 42 3
-1 3 0 3
+1 45 3
-1 3 0 3
+1 39 3
-1 3 0 3 0 0 2
+1 3 3
fi=(280)
1283 6 6
fi=(309)
284 6
-1 3 0 3
fi=(280)
1283 3 0 0 0 0 0 0 0 0 3
fi=(281) /usr/include/c++/13/bits/new_allocator.h
191 3 3
fi=(280)
1288 3
fi=(281)
191 3 0 3 0 0 3 0 0 1
fi=(280)
1288 3 0 3
fi=(301)
207 9 0 3
fe=(300)
+82 3
fi=(301)
508 59 59 0 0 21 0 0 11
fi=(308)
137 59 0 59
+1 59
fe=(300)
+78 4 0 0 1 0 0 1
fi=(277)
-17 4 4
fe=(300)
+17 4 0 0 0 0 0 0 0 0 4
+3 8 0 0 1 0 0 1
+6 4
-6 4
+3 4 0 4
+3 4 0 0 0 0 0 0 0 0 4 2
fi=(301)
89 20 4 4 1 0 0 1 0 0 4
cfi=(308)
cfn=(2790)
calls=4 -66 
* 172 60 32 0 2 3 0 0 0 30 14
fi=(304)
-21 8 4 0 0 0 0 0 0 0 4 2
-6 8 4 4 0 0 1 0 0 1
+1 4 0 4 1 0 0 1
fi=(301)
+26 4 4
+1 8 0 4
-1 16 0 4 0 0 0 0 0 0 4
cfi=(308)
cfn=(2790)
calls=4 -66 
* 289 102 56 0 10 9 0 0 0 51 7
fi=(304)
-21 8 4 0 0 0 0 0 0 0 4
-6 8 4 4 0 0 2
+1 4 0 4 1 0 0 1
fi=(277)
208 4 4 0 0 2
fi=(301)
90 4
fi=(277)
209 4 0 4
fi=(301)
90 4 0 4
fi=(277)
210 8 0 0 0 0 0 0 0 0 4 1
-70 4 0 4
cob=(4)
cfi=(178)
cfn=(2822)
calls=4 0 
* 692 200 120 1 68 3 1 4 0 104 11 12 5
+68 4 4
+1 4 0 4
+1 8 0 0 0 0 0 0 0 0 4 2
fe=(300)
+63 8

fl=(278) /home/max/projects/corintho-ai/bench/../corintho_ai/cpp/src/mlp.cpp
fn=(2704) (anonymous namespace)::dense(float const*, int, int, int, float const*, float const*, int, float*, bool)

fn=(2688) Mlp::evaluateParallel(float const*, int, float*, float*, int) const [clone ._omp_fn.0]

fl=(309)
fn=(2592)
340 173001
fi=(308)
+28 173001 0 173001
fe=(309)
-26 173001
fi=(308)
+26 1557009 0 1038006 0 0 19
fi=(267)
506 519003 173001 173001 0 0 3
fe=(309)
341 173001
fi=(267)
506 173001 173001
fe=(309)
340 173001
+21 173001
-21 173001
+21 173001
-20 173001
-1 173001
+1 519003
+1 519003
+1 173001
-1 173001
+1 519003
+17 346002
-17 173001
-3 173001
+1 692004
+1 692004
+1 519003
-2 346002
+2 173001
-2 346002
+1 692004
+1 519003
+1 173001
+21 173001
-21 173001
-1 173001
-3 173001
+4 1730010 0 346002
-3 519003
+28 173001
-1 173001 0 173001 0 0 8
-27 692004 0 173001
+29 346002 0 173001
-28 1038006 0 346002
+1 692004
+1 519003
+22 346002
-22 173001
+26 173001
-4 519003 0 173001
+4 865005 0 173001
59 173001
+2 173001 173001
+1 346002 0 0 0 0 0 0 0 0 173001 9942
-1 346002 346002
+1 692004 0 0 0 0 0 0 0 0 346002 3751
-2 1903011 346002 0 0 0 0 0 0 0 519003 25924
+55 519003 346002
+3 1038006 173001
+1 173001
-1 346002 0 173001
+3 173001 173001
-13 346002 173001
+9 173001
-1 346002 173001
+1 173001
-1 173001
-1 173001
+2 173001
+4 173001 173001
-4 173001 0 173001
-2 173001 0 173001
+6 692004 173001 0 0 0 0 0 0 0 173001 36170
+1 31351 0 31351
-1 865005 346002 0 0 0 0 0 0 0 173001 2898
+1 2669 0 2669
-1 865005 346002 0 0 0 0 0 0 0 173001 423
+1 235 0 235
+7 235
+3 235
-1 235
+4 235
-3 235
-3 235
+2 235
+1 235
+3 235
+7 235 235
-13 235
+12 235 235
+11 235
+1 235
-11 235
+10 235
+1 235
-12 235
+8 235
+4 235
-12 235
+9 235
-1 235
+1 235
-1 235
+1 235
-1 235
+2 235
+4 235
-4 235
+4 235
-4 235
+3 235
+2 235
-2 235
+2 235
-5 235
+3 235
+6 235
-7 235
-13 235 235
+20 235
-1 235
-19 235
+19 235
+1 235
+4 235
-4 470 0 235
+4 235 0 0 0 0 0 0 0 0 235 84
-35 172766
+3 172766
-1 172766
+4 172766
-3 172766
-3 172766
+2 172766
+1 172766
+3 172766
+7 172766 172766
-13 172766
+12 172766 172766
+11 172766
+1 172766
-11 172766
+10 172766
+1 172766
-12 172766
+8 172766
+4 172766
-12 172766
+9 172766
-1 172766
+1 172766
-1 172766
+1 172766
-1 172766
+2 172766
+4 172766
-4 172766
+4 172766
-4 172766
+3 172766
+2 172766
-2 172766
+2 172766
-5 172766
+3 172766
+6 172766
-7 172766
-13 172766 172766
+20 172766
-1 172766
-19 172766
+19 172766
+1 172766
+4 172766
-4 345532 0 172766
+4 172766 0 0 0 0 0 0 0 0 172766 45422
+3 92008
-2 92008
+2 322028
-3 92008 0 0 0 0 0 0 0 0 46004 7717
+1 14622
+2 51177
-3 60626 0 46004 0 0 0 0 0 0 7311 1382
+6 346002 0 0 0 0 0 0 0 0 173001 47334
+3 138255 46085
-2 92170
+2 322595
-3 92170 0 0 0 0 0 0 0 0 46085 11100
+1 10924
+2 38234
-3 10924 0 0 0 0 0 0 0 0 5462 437
41 179479 0 46085 0 0 0 0 0 0 46085 7861
fi=(265) /home/max/projects/corintho-ai/bench/../corintho_ai/cpp/include/util.h
+89 20612 0 20612
-11 41224
fi=(324) /home/max/projects/corintho-ai/bench/../corintho_ai/cpp/include/game.h
-31 20612
fi=(265)
+42 20612
-12 82448 0 41224
+12 41224
fe=(309)
+55 20612 20612
-1 20612 20612
+1 103060
fi=(265)
-23 41224
fe=(309)
+23 41224 41224 0 0 16598
fi=(265)
-23 20612 20612 0 0 15352
+1 41224 0 0 0 0 0 0 0 0 20612 4757
fe=(309)
+22 7966 7966
-1 7966 7966
+1 39830
fi=(265)
-23 15932
fe=(309)
+23 15932 15932 0 0 5351
fi=(265)
-23 7966 7966 0 0 1395
+1 77999 0 41378 0 0 0 0 0 0 7966 3187
+1 20689
fi=(324)
-75 20689
fi=(265)
+75 20689
fe=(309)
+27 20689 20689 0 0 7438
fi=(324)
88 20689
+1 41378 0 0 0 0 0 0 0 0 20689 7034
fi=(265)
+75 30795
fi=(324)
-75 30795
fi=(265)
+75 30795
fe=(309)
+27 30795 30795 0 0 5414
fi=(324)
88 30795
+1 61590 0 0 0 0 0 0 0 0 30795 8764
+1 114849 0 0 0 0 0 0 0 0 38283 8999
+1 122260 30565
fi=(265)
+39 122260
+33 61130 0 0 0 0 0 0 0 0 30565 5352
-33 83676
+33 83216 41378 0 0 0 0 0 0 0 20919 4158
+4 41378 20689
+1 41378 0 0 0 0 0 0 0 0 20689 2174
-1 15778 7889
+1 15778 0 0 0 0 0 0 0 0 7889 520
-23 28578 0 28578
+1 28578
fe=(309)
+36 85734 28578 0 0 0 0 0 0 0 28578 8519
fi=(265)
-37 41224 41224
-3 20612
+3 41224 20612 20612
+1 20612
fi=(323)
-45 20612 20612
fi=(265)
+41 61836
fi=(308)
377 20612
fi=(323)
101 20612 0 20612
fi=(308)
373 28370 3879 3879 0 0 0 0 0 0 20612 3929
+20 1903011 1557009 0 0 0 0 0 0 0 173001 728
fe=(309)
71 3038646
+2 506441
-2 3038646
+2 506441
-2 1012882
+1 506441
+1 506441
-2 506441
+1 506441
-1 506441
+2 506441
-2 1012882
+1 506441
+2 506441
-3 1012882
+1 506441
+1 506441
-1 506441
-1 506441
+1 506441
-1 506441
+3 506441
-2 506441
+1 506441
-1 506441
+1 506441
+1 506441
-2 506441
+1 1519323
-1 506441
+1 1012882
-1 506441
+1 1012882
-1 506441 0 506441
+4 506441
-3 2532205 0 506441 0 0 6
+3 588889 0 0 0 0 0 0 0 0 506441 22273
+3 20612 20612
+1 41224 0 0 0 0 0 0 0 0 20612 7258
-1 61836 61836
+1 123672 0 0 0 0 0 0 0 0 61836 14856
+3 83376
-2 41688
+1 20844
+1 41688 20844 0 0 11077
+1 41688 0 0 0 0 0 0 0 0 20844
-3 7734
+1 3867
+1 7734 3867
+1 7734 0 0 0 0 0 0 0 0 3867
+1 49422
+2 24711
-2 49422 0 24711
-5 70266 0 0 0 0 0 0 0 0 24711 4511
+10 20844 20844
+1 41688 0 0 0 0 0 0 0 0 20844
-1 61604 61604
+1 123208 0 0 0 0 0 0 0 0 61604 24
+3 15468
-2 7734
+1 3867
+1 7734 3867
+1 7734 0 0 0 0 0 0 0 0 3867
+1 7734
+2 3867
-2 7734 0 3867
-5 11601 0 0 0 0 0 0 0 0 3867
-13 267956 0 0 0 0 0 0 0 0 82448 22295
fi=(323)
+23 39322 39322
fi=(265)
+41 196610 39322
fi=(323)
-41 39322 0 39322
fi=(304)
-33 338244 169122 0 0 0 0 0 0 0 169122
-24 507366 169122 0 0 0 0 0 0 0 169122 680
+2 338244 169122 169122 0 162012 0 0 10619
fi=(265)
163 169122 169122
fi=(308)
385 169122 169122
fi=(320)
169 338244 0 338244 0 0 162732 0 0 15233
fi=(265)
-6 169122
fi=(308)
385 169122 0 169122
fi=(265)
163 169122 0 0 0 0 0 0 0 0 169122 18005
fi=(308)
386 306516
+4 306516
+1 153258
-1 613032 153258
fi=(265)
163 153258
fi=(308)
390 153258 0 153258
fi=(265)
163 153258 0 0 0 0 0 0 0 0 153258 17122
fi=(308)
390 2161376
+1 1080688
-1 4322752 1080688 0 0 30425 0 0 25241
fi=(265)
163 1080688
fi=(308)
390 1080688 0 1080688
fi=(265)
163 1080688 0 0 0 0 0 0 0 0 1080688 139305
-1 153258 153258
fi=(308)
386 306516
+4 153258
+1 153258
-1 153258 0 153258
fi=(265)
163 306516 0 0 0 0 0 0 0 0 153258
fi=(308)
390 1080688
+1 1080688
-1 1080688 0 1080688
fi=(265)
163 2467892 153258 0 0 0 0 0 0 0 1080688 144486
+5 306516
-1 153258
+1 184986 0 0 0 0 0 0 0 0 153258 3249
-1 15864
+1 182143 0 0 0 0 0 0 0 0 15864
fi=(308)
390 166279
fi=(265)
169 166279
fi=(308)
391 166279
-1 166279 166279 0 0 5671 0 0 4706
fi=(265)
169 332558
fi=(308)
390 498837
fi=(265)
168 166279
fi=(308)
390 166279 0 166279
fi=(265)
168 166279 0 0 0 0 0 0 0 0 166279 4164
fi=(308)
390 2952470
fi=(265)
169 2952470
fi=(308)
391 2952470
-1 2952470 2952470 0 0 42720 0 0 35888
fi=(265)
169 5904940
fi=(308)
390 8857410
fi=(265)
168 2952470
fi=(308)
390 2952470 0 2952470
fi=(265)
168 3118749 0 0 0 0 0 0 0 0 2952470 164554
fi=(308)
390 166279
+1 166279
-1 166279 0 166279
fi=(265)
168 332558 0 0 0 0 0 0 0 0 166279 371
fi=(308)
390 2952470
+1 2952470
-1 2952470 0 2952470
fi=(265)
168 6071219 0 0 0 0 0 0 0 0 2952470 171564
fe=(309)
41 253832 0 0 0 0 0 0 0 0 126916 9483
fi=(265)
142 113067
fi=(323)
-41 113067 113067
fi=(265)
+41 452268 113067
fi=(323)
-41 113067 0 113067
fi=(308)
373 113067 0 0 0 0 0 0 0 0 113067 6
+13 31728
fe=(309)

fl=(301)
fn=(2556)
144 150486 10749 96741 0 0 105
-75 10749 10749 0 0 10503
+75 42996 10749 21498 0 99
+4 21498 0 0 0 0 0 0 0 0 10749 6998
+15 32247 10749 0 0 2659 0 0 0 0 10749 28
fi=(280)
993 21498 21498 0 0 3621 0 0 17
fe=(301)
172 32130 10632 0 0 0 0 0 0 0 10749
299 21264 0 10632
-70 31896 21264 10632 0 313
+71 10632 10632
+1 10632
+19 10632 0 10632
-20 21264 10632 10632 0 10493
+1 106320 10632 10632 0 10592 0 0 0 0 10632
-1 158566 158566
+1 158566
+19 158566 0 158566
-20 317132 158566 158566 0 17928
+1 2600848 158566 327764 0 157852 30 0 0 0 327764 12
fi=(308)
85 169198 169198
fe=(301)
301 338396
+1 507594 169198
-78 507594 169198 0 0 41397 0 0 0 0 169198
-1 169198 169198
+1 169198
-1 338396
fi=(308)
98 338396 169198 0 0 168446
fe=(301)
225 676792 169198 169198 0 132611 54
-1 169198
+2 169198
-2 338396 0 0 0 0 0 0 0 0 169198 4468
fi=(308)
98 8374234 4187117 0 0 114947
fe=(301)
225 16748468 4187117 4187117 0 578079
-1 4187117
+2 4187117
-2 8374234 0 0 0 0 0 0 0 0 4187117 165434
+5 1861178 338396 169198
+1 321768 0 0 0 0 0 0 0 0 169198 4124
+1 762850 152570 152570
-1 152570 0 0 0 0 0 0 0 0 152570 469
+1 456417 152139 152139
-1 152139 0 0 0 0 0 0 0 0 152139 31616
+1 373239 124413 124413
-1 124413 0 0 0 0 0 0 0 0 124413 35376
+1 102912 34304 34304
-1 1645521 152570 0 0 0 0 0 0 0 336857 48363
+1 295356 98452 98452
-1 492260 0 0 0 0 0 0 0 0 98452 22577
+1 640795 128159 128159
-1 384477 0 0 0 0 0 0 0 0 128159 42732
+1 84519
-1 84519
+1 84519 84519
-1 84519
+1 84519 0 84519
-1 84519 0 0 0 0 0 0 0 0 84519 33919
+1 127263 42421 42421
+73 3722356 169198 507594 0 2377 1 0 0 0 338396 2853
-51 169198
-14 338396 0 169198
+1 507594 0 169198
-1 676792
+1 676792
+1 507594
+15 169198
fi=(268)
-18 338396
fe=(301)
+19 338396 0 0 0 0 0 0 0 0 169198
-18 2526140
+1 2526140
+1 1894605
+15 631535
fi=(268)
-18 1263070
fe=(301)
+19 5266735 0 0 0 0 0 0 0 0 631535
+1 800733
-1 800733
+2 800733
-1 2402199 800733 800733 0 84623 78
-1 800733
+3 800733
-3 800733 0 0 0 0 0 0 0 0 800733 25321
+1 3555582
-1 3555582
+2 3555582
-1 10666746 3555582 3555582 0 367153 49
-1 3555582
+3 3555582
-3 3555582 0 0 0 0 0 0 0 0 3555582 117015
-3 5266735 0 0 0 0 0 0 0 0 800733 24279
+9 1861178 845990 169198
+1 321768 0 0 0 0 0 0 0 0 169198 5903
+1 762850 152570 152570
-1 152570 0 0 0 0 0 0 0 0 152570 475
+1 456417 152139 152139
-1 152139 0 0 0 0 0 0 0 0 152139 42439
+1 373239 124413 124413
-1 124413 0 0 0 0 0 0 0 0 124413 23799
+1 102912 34304 34304
-1 1645521 152570 0 0 0 0 0 0 0 336857 40640
+1 295356 98452 98452
-1 492260 0 0 0 0 0 0 0 0 98452 24165
+1 640795 128159 128159
-1 384477 0 0 0 0 0 0 0 0 128159 39320
+1 84519
-1 84519
+1 84519 84519
-1 84519
+1 84519 0 84519
-1 84519 0 0 0 0 0 0 0 0 84519 33487
+1 127263 42421 42421
+4 42421 42421
+3 42421
+22 42421
-22 296947 0 0 0 0 0 0 0 0 42421 1
-3 126777 126777
+3 126777
+22 126777
-22 1733429 0 169198 0 0 26 0 0 0 295975 2295
+2 169198
-2 169198
+2 338396 0 0 0 0 0 0 0 0 169198 86
-1 169198
+2 507594 338396 169198 0 0 6190
-1 169198
+2 169198
-2 338396 0 0 0 0 0 0 0 0 169198
+1 12561351 8374234 4187117 0 0 84
-1 4187117
+2 4187117
-2 8374234 0 0 0 0 0 0 0 0 4187117 166461
+5 507594 338396
+1 338396 169198
-1 169198
+2 169198
+8 338396 169198
fi=(268)
-27 169198
fi=(308)
-95 169198
fe=(301)
289 169198
fi=(268)
-27 338396
fi=(308)
-95 169198 169198
fe=(301)
281 169198
fi=(308)
167 338396
fe=(301)
291 169198
fi=(308)
167 338396
fe=(301)
281 169198
fi=(308)
167 169198 0 169198
fe=(301)
281 169198 0 0 0 0 0 0 0 0 169198 69
+8 8374234 4187117
fi=(268)
-27 4187117
fi=(308)
-95 4187117
fe=(301)
289 4187117
fi=(268)
-27 8374234
fi=(308)
-95 4187117 4187117
fe=(301)
281 4187117
fi=(308)
167 8374234
fe=(301)
291 4187117
fi=(308)
167 8374234
fe=(301)
281 4187117
fi=(308)
167 4187117 0 4187117
fe=(301)
281 4187117 0 0 0 0 0 0 0 0 4187117 156716
+12 676792 169198
fi=(308)
147 169198 0 169198
fe=(301)
310 169198 169198
-1 507594 338396
+1 169198 169198 0 0 39257
-1 169198 169198 0 0 16941
+1 169198 0 0 0 0 0 0 0 0 169198 19
+2 893907
fi=(308)
202 1787814 893907 893907 0 93243
+1 893907 0 893907
cfn=(2730)
calls=893907 +66 
* 20562561 8938395 2681721 0 787555 856812 0 0 0 1789164 1345
fe=(301)
314 893907 893907
fi=(308)
161 893907 0 893907
+1 893907 0 893907
cfn=(2730)
calls=893907 269 
* 20562561 8938395 2681721 0 0 0 0 0 0 1789164 4508
fe=(301)
315 3575628 893907
+1 1787814 893907 893907
-6 1787814 893907 0 0 89155 0 0 0 0 893907 175156
+9 169198 169198
fi=(308)
202 338396 169198 169198 0 2168
+1 169198 0 169198
cfn=(2730)
calls=169198 +66 
* 676792 338396 0 0 0 0 0 0 0 169198 3
fi=(280)
993 507594 507594
fe=(301)
299 169198 0 169198
fi=(280)
993 169198
fe=(301)
299 169198 169198
fi=(280)
993 169198
fe=(301)
299 338396 0 0 0 0 0 0 0 0 169198 10653
+22 10632 10632
fi=(308)
161 10632 0 10632
+1 10632 0 10632
cfn=(2730)
calls=10632 269 
* 42528 21264 0 0 0 0 0 0 0 10632 24
fi=(280)
1606 10632 10632
1935 31896 10632 0 0 0 0 0 0 0 10632
+4 10632 0 10632
fe=(301)
181 21264 10632
-6 10632 10632
+6 10632 10632
-6 10632
+6 10632
-6 10749 117 0 0 0 0 0 0 0 10632
+6 117 117
-6 117
+6 117
-6 117 0 0 0 0 0 0 0 0 117
-1 10749
+1 10749
-1 21394 0 0 0 0 0 0 0 0 10749 113
+1 1038612 519306 0 0 3 0 0 0 0 346196 29
662 173085
-1 173085 0 173085
+1 173085 0 173085
+1 173085 173085
fi=(308)
108 173085
fe=(301)
663 692340 173085 173085 0 98 0 0 0 0 173085
-36 346170 173085 0 0 1927
-39 10094678 2753094 0 0 60257 0 0 6856 0 917698
fi=(308)
212 917698
fe=(301)
588 917698
fi=(308)
212 3670792 917698 0 0 248788 0 0 25661 0 1835396 56121
+5 862958 862958
+3 862958 862958
-3 862958
+1 1725916
+1 862958
fe=(301)
594 1725916 0 0 0 0 0 0 0 0 862958
+19 4314790 862958 0 0 0 0 0 0 0 862958
+5 47475261 15825087 0 0 221568 0 0 13131 0 15825087 852044
fi=(308)
104 74973060 14994612 0 0 391843 0 0 12907
fe=(301)
622 14994612
fi=(308)
104 44983836 14994612
fe=(301)
623 14994612
-1 14994612 0 0 0 0 0 0 0 0 14994612
+4 14994612
+1 14994612
-1 59978448 44983836 0 0 348842 0 0 13421
+1 29989224
-1 29989224
+3 14994612
+1 29989224
-17 47475261 0 0 0 0 0 0 0 0 15825087 906324
fi=(308)
85 862958 862958
fe=(301)
636 1725916 0 0 0 0 0 0 0 0 862958 324456
+13 1489400 0 0 0 0 0 0 0 0 744700 59
fi=(308)
192 174 0 87
+1 87 0 87
cfn=(2730)
calls=87 +76 
* 1982 862 258 0 2 0 0 0 0 173 1
fe=(301)
680 87 87
fi=(308)
202 261 174 87
+1 87 0 87
cfn=(2730)
calls=87 +66 
* 1982 862 258 0 0 0 0 0 0 173 19
fe=(301)
685 87 87
fi=(308)
161 87 0 87
+1 87 0 87
cfn=(2730)
calls=87 269 
* 1982 862 258 0 0 0 0 0 0 173 1
fe=(301)
688 261 174 0 0 0 0 0 0 0 87 1
fi=(308)
197 473 0 473
+1 473 0 473
cfn=(2730)
calls=473 +71 
* 10879 4730 1419 0 0 0 0 0 0 946 77
fe=(301)
690 473 473
fi=(308)
207 1419 946 473
+1 473 0 473
cfn=(2730)
calls=473 +61 
* 10879 4730 1419 0 0 0 0 0 0 946 3
fe=(301)
691 1419 946 473
-3 946 473 0 0 0 0 0 0 0 473 90
fi=(308)
197 87 0 87
+1 87 0 87
cfn=(2730)
calls=87 +71 
* 348 174 0 0 0 0 0 0 0 87
fe=(301)
695 87 87
fi=(308)
207 261 174 87
+1 87 0 87
cfn=(2730)
calls=87 +61 
* 348 174 0 0 0 0 0 0 0 87 74
fe=(301)
696 87 87
fi=(280)
993 87 87
fe=(301)
696 174 0 87
fi=(280)
993 348 87
fe=(301)
175 174 87 0 0 0 0 0 0 0 87
fi=(280)
993 691992 172998
fe=(301)
175 508559 335561 0 0 0 0 0 0 0 172998 10522
-1 162563
+1 162563
-1 162563 0 0 0 0 0 0 0 0 162563 112
+7 1103 0 0 0 0 0 0 0 0 202
+2 139737 107490 0 0 8996 0 0 0 0 10749 1
fi=(308)
+9 744613
fe=(301)
654 744613 744613 0 0 212780 0 0 5368
fi=(308)
192 744613 0 744613
+1 744613 0 744613
cfn=(2730)
calls=744613 +76 
* 13845958 6065018 1715922 0 28665 0 0 1641 0 1316587 169355
fe=(301)
680 744613 744613
fi=(308)
202 2233839 1489226 744613
+1 744613 0 744613
cfn=(2730)
calls=744613 +66 
* 13845958 6065018 1715922 0 0 0 0 0 0 1316587 950
fe=(301)
716 744613 0 744613
-53 744613 744613 0 0 242042 0 0 23157
fi=(308)
108 744613
fe=(301)
663 1489226 0 0 0 0 0 0 0 0 744613
-9 1489226
fi=(308)
177 54740 54740 0 0 45662 0 0 9564
-1 54740 54740
+3 109480 54740
-2 54740
-1 54740
+1 109480
+4 161942 0 0 0 0 0 0 0 0 54740 2452
-4 367234 52462
-1 104924 52462
+1 52462
+6 104924 0 0 0 0 0 0 0 0 52462 25010
-6 6097380 1219476 0 0 21833 0 0 7456
-1 2438952 1219476
+1 1219476
+6 2438952 0 0 0 0 0 0 0 0 1219476 85846
+1 98570
+1 98570
-4 3815814 0 0 0 0 0 0 0 0 1271938 53229
fi=(319) /usr/include/c++/13/bits/move.h
+16 54740 54740
+1 164220 54740 109480 0 0 2
+1 54740 0 54740
fi=(308)
85 54740 54740
fe=(301)
636 109480 54740 0 0 0 0 0 0 0 54740
fi=(308)
104 383180 164220
fe=(301)
637 54740
+1 109480 54740 0 0 0 0 0 0 0 54740 784
fi=(308)
98 54740 54740
fe=(301)
644 54740
fi=(308)
98 164220 0 54740
fe=(301)
641 221238 54740 0 0 0 0 0 0 0 54740 40
fi=(308)
192 4556 0 2278
+1 2278 0 2278
cfn=(2730)
calls=2278 +76 
* 52394 22780 6834 0 362 0 0 35 0 4556
-1 341440 0 170720
+1 170720 0 170720
cfn=(2730)
calls=170720 +76 
* 3918105 1703640 510825 0 27010 0 0 2965 0 340995 1640
fe=(301)
680 172998 172998
fi=(308)
202 518994 345996 172998
+1 172998 0 172998
cfn=(2730)
calls=172998 +66 
* 3970499 1726420 517659 0 0 0 0 0 0 345551 2316
fe=(301)
700 172998
fi=(304)
68 172998 172998 0 0 2628
fe=(301)
700 172998 0 0 0 0 0 0 0 0 172998 2722
fi=(304)
68 354774 0 0 0 0 0 0 0 0 118258
-24 354774 118258 0 0 0 0 0 0 0 118258
+2 236516 118258 118258 0 109501 0 0 8889
fe=(301)
711 473032 354774 0 0 82847 0 0 7128
fi=(308)
89 118258 118258
fe=(301)
711 354774 0 118258
cfi=(308)
cfn=(2734)
calls=118258 38 
* 120435789 12488625 14344144 0 286210 249425 0 57456 55230 10035619 754938 54413 231
fi=(308)
133 118258 0 118258 0 0 2
fe=(301)
712 118258 0 118258 0 0 2
+1 118258 118258
fi=(308)
108 118258
fe=(301)
721 345996 0 0 0 0 0 0 0 0 172998 2841
fi=(308)
141 169119 169119 0 0 2
+1 169119
-1 169119 0 169119
+1 169119 0 169119
cfn=(2730)
calls=169119 269 
* 3889737 1691190 507357 0 0 0 0 0 0 338238 286
fe=(301)
743 169119 169119
fi=(321)
29 169119
fi=(280)
993 338238 338238 0 0 2
fi=(267)
506 169119 169119
fi=(280)
993 169119
fe=(301)
743 338238 169119 0 0 16
fi=(309)
278 338238
fi=(321)
29 1014714 338238 169119 0 4497 52028
fi=(309)
278 338238
fi=(321)
29 507357 169119 169119 0 1912 42301
fi=(309)
278 338238
fi=(321)
29 507357 169119 169119 0 1402 42259
fi=(309)
278 338238
fi=(321)
29 507357 169119 169119 0 1334 42307
fi=(309)
278 338238
fi=(321)
29 507357 169119 169119 0 2543 42252
fi=(309)
278 338238
fi=(321)
29 507357 169119 169119 0 1790 42301
fi=(309)
278 338238
fi=(321)
29 507357 169119 169119 0 808 42259
fi=(309)
278 338238
fi=(321)
29 507357 169119 169119 0 1505 42307
fi=(309)
278 338238
fi=(321)
29 507357 169119 169119 0 1767 42252
fi=(309)
278 338238
fi=(321)
29 507357 169119 169119 0 1235 42301
fi=(309)
278 338238
fi=(321)
29 507357 169119 169119 0 1076 42259
fi=(309)
278 338238
fi=(321)
29 507357 169119 169119 0 488 42307
fi=(309)
278 338238
fi=(321)
29 507357 169119 169119 0 749 42252
fi=(309)
278 507357
fi=(321)
29 507357 0 169119 0 0 42301
fi=(309)
284 169119 169119 0 0 2
fi=(321)
29 676476 338238 338238 0 1687 84565
fi=(309)
284 4735332 338238
-1 169119 0 169119 0 0 21120
+1 2367666 169119
-1 169119 0 169119
+1 2367666 169119
-1 169119 0 169119 0 0 21132
+1 2536785 169119
-1 169119 0 169119
+1 2198547 169119
-1 169119 0 169119 0 0 21166
+1 169119 169119
fi=(280)
1283 338238 338238
fi=(309)
284 338238
-1 169119 0 169119
fi=(280)
1283 169119 0 0 0 0 0 0 0 0 169119
fi=(281)
191 169119 169119
fi=(280)
1288 169119
fi=(281)
191 169119 0 169119 0 0 5810 0 0 147
fi=(280)
1288 169119 0 169119
fe=(301)
750 169119 169119
181 169119 169119
750 342117 3879 169119
181 3879 3879
750 7758 0 3879
fi=(308)
104 3826340 1093240 0 0 4596 0 0 120
fe=(301)
637 546620
+1 1093240 0 0 0 0 0 0 0 0 546620 123754
fi=(308)
98 236516 118258 118258 0 0 1
fe=(301)
641 118258
fi=(308)
98 236516
fe=(301)
641 118258
fi=(308)
98 118258 0 118258
fe=(301)
641 118258 0 0 0 0 0 0 0 0 118258 2730
+3 919396 288978 0 0 40837 0 0 2057 0 170720 58625
fi=(308)
176 168104
+5 168104 168104
-2 168104
-2 168104 168104 0 0 1748 0 0 119
-1 168104 168104
+1 168104
-1 168104
+1 336208
+4 504312 0 0 0 0 0 0 0 0 168104 2337
-4 1309024 163628 163628 0 2037 0 0 142
-1 327256 163628
+1 163628
+6 327256 0 0 0 0 0 0 0 0 163628 81995
-6 16434320 3286864 0 0 39537 0 0 5686
-1 6573728 3286864
+1 3286864
+6 6573728 0 0 0 0 0 0 0 0 3286864 319668
+1 364493
+1 364493
-4 10515104 163628 0 0 0 0 0 0 0 3450492 172324
fi=(319)
+16 163628 163628
+1 327256 163628 163628
+1 163628 0 163628
fi=(308)
-10 163628
fi=(319)
+8 4476 4476
+1 8952 4476 4476
+1 4476 0 4476
fi=(308)
-10 4476
fe=(301)
539 4713 4713
+4 14139 4713 0 0 0 0 0 0 0 4713
-1 18199 8773
+3 17546 0 0 0 0 0 0 0 0 8773 3248
fi=(308)
125 26460 5292 0 0 798 0 0 34
fe=(301)
552 10584
+3 5292
-12 10584 0 0 0 0 0 0 0 0 5292 1492
fi=(308)
98 8773
-17 8773 8773 0 0 4062 0 0 317
+17 17546 8773 0 0 18
fe=(301)
545 17546 0 0 0 0 0 0 0 0 8773
727 23274 7758 0 0 0 0 0 0 0 7758 11
-1 3879 3879
fi=(308)
141 3879 0 3879
+1 3879 0 3879
cfn=(2730)
calls=3879 269 
* 104733 34911 11637 0 0 0 0 0 0 15516 2297
fe=(301)
731 19395 7758 0 0 0 0 0 0 0 3879
+3 3879 3879
fi=(308)
202 3879 3879
fe=(301)
732 3879 0 3879
fi=(308)
202 3879 0 3879
+1 3879 0 3879
cfn=(2730)
calls=3879 +66 
* 104733 34911 11637 0 0 0 0 0 0 15516 3821
fe=(301)
734 19880 19880
fi=(308)
202 19880 19880
fe=(301)
732 19880 0 19880
fi=(308)
202 19880 0 19880
+1 19880 0 19880
cfn=(2730)
calls=19880 +66 
* 390219 166098 48003 0 0 0 0 0 0 39221 9006
fe=(301)
735 118795 71277
-4 47518 0 0 0 0 0 0 0 0 23759
fi=(280)
993 7758 3879
fe=(301)
532 11637 3879 0 0 0 0 0 0 0 3879
fi=(308)
121 47140 9428
fe=(301)
534 18856 0 0 0 0 0 0 0 0 9428
fi=(308)
156 4715 0 4715
+1 9430 0 4715
cfn=(2730)
calls=4715 269 
* 127259 42421 14139 0 0 0 0 0 0 18854 58
fe=(301)
532 22208 11104 0 0 0 0 0 0 0 5555 3
fi=(308)
85 1232 1232
fe=(301)
558 2464 0 0 0 0 0 0 0 0 1232 615
+4 1680 0 0 0 0 0 0 0 0 840
fi=(304)
68 54740
fe=(301)
701 54740 54740
fi=(304)
68 109480 0 0 0 0 0 0 0 0 54740
-24 164220 54740 0 0 0 0 0 0 0 54740
+2 109480 54740 54740 0 50687 0 0 4098
+1 54740
fi=(308)
156 840 0 840
+1 1680 0 840
cfn=(2730)
calls=840 269 
* 22588 7532 2508 0 0 0 0 0 0 3348 599
+1 840
fe=(301)
703 164220 109480
fi=(308)
89 54740 54740
fe=(301)
703 218960 54740 54740
cfi=(308)
cfn=(2734)
calls=54740 38 
* 54154919 5664235 6263776 0 186318 130894 0 30075 23680 4497381 399490
fi=(308)
137 109480 54740 54740
fe=(301)
704 109480 54740 54740
+1 54740 54740
fi=(308)
108 54740
fe=(301)
705 54740
fi=(280)
993 10515 10515
fe=(301)
181 31596 10540 0 0 0 0 0 0 0 10540 6
-22 21032
+70 16628
+1 33256
+33 16628
+1 33256
163 234 117 0 0 98 0 0 0 0 117
+18 42081 10522 0 0 0 0 0 0 0 10522 7

fn=(2806)
211 39 3 18 0 3
fi=(304)
68 6 3 0 0 0 0 0 0 0 3
-24 9 3 0 0 0 0 0 0 0 3
+2 6 3 3
fi=(308)
-13 9 3 3 0 3 2
+2 6
-2 9 0 6
fi=(323)
+68 3 0 3
fi=(308)
-68 3 0 3
+2 3 0 3
-2 6 0 6
+2 6 0 3
cfi=(309)
cfn=(2592)
calls=3 340 
* 2568 207 244 0 4 0 0 1 0 223 25
fe=(301)
213 6 3 3
+2 30 24 0 0 0 0 0 0 0 3 3

fn=(2782)
116 1612 124 744 0 0 112 0 0 1
+3 248 124 0 0 1 0 0 0 0 124 90
338 12 0 0 1 0 0 1
+1 101
+9 437 89 0 0 82 0 0 40 0 174 14
+6 77 77 0 0 41 0 0 21
-8 231 0 0 0 0 0 0 0 0 77 8
508 3 3 0 0 1 0 0 1
fi=(308)
284 3
137 3 0 3
284 3 0 3
fe=(301)
517 3
121 124 124
fi=(267)
506 124
fi=(321)
29 124
fi=(267)
506 124 124 0 0 38 0 0 14
fi=(309)
278 248
fi=(321)
29 744 248 124 0 19 114
fi=(309)
278 248
fi=(321)
29 372 124 124 0 1
fi=(309)
278 248
fi=(321)
29 372 124 124 0 2
fi=(309)
278 248
fi=(321)
29 372 124 124 0 7 113
fi=(309)
278 248
fi=(321)
29 372 124 124 0 9
fi=(309)
278 248
fi=(321)
29 372 124 124 0 6
fi=(309)
278 248
fi=(321)
29 372 124 124 0 2
fi=(309)
278 248
fi=(321)
29 372 124 124 0 3 113
fi=(309)
278 248
fi=(321)
29 372 124 124 0 9
fi=(309)
278 248
fi=(321)
29 372 124 124 0 3
fi=(309)
278 248
fi=(321)
29 372 124 124 0 8
fi=(309)
278 248
fi=(321)
29 372 124 124 0 2 112
fi=(309)
278 248
fi=(321)
29 372 124 124 0 5
fi=(309)
278 372
fi=(321)
29 744 248 248 0 4
fi=(309)
284 124 124 0 0 6
fi=(321)
29 124 0 124 0 0 112
fi=(309)
284 3348 248
-1 124 0 124
+1 1736 124
-1 124 0 124
+1 1736 124
-1 124 0 124
+1 1860 124
-1 124 0 124
+1 1488 124
-1 124 0 124
+1 496 124
fi=(321)
59 124
fi=(309)
283 124 0 124
fi=(321)
59 1488 0 1488 0 0 750 0 0 3
fe=(301)
+68 620 372 0 0 0 0 0 0 0 124 11
+5 864 0 0 0 0 0 0 0 0 432 2
+4 416 208 0 0 0 0 0 0 0 104
328 416 208 0 0 0 0 0 0 0 104
-1 104
-1 104
+2 10711 0 0 0 0 0 0 0 0 3501 269
fi=(308)
104 3501
fe=(301)
329 3501
fi=(308)
104 17505 3501 0 0 151
fe=(301)
329 7002 0 0 0 0 0 0 0 0 3501
fi=(308)
98 3501 3501
fe=(301)
330 3501
fi=(308)
98 7002
fe=(301)
375 16 0 0 0 0 0 0 0 0 8
-9 8
+3 8
-2 8
+1 8
-3 16
+17 63 63 0 0 28
-7 256 0 0 0 0 0 0 0 0 63 4
fi=(308)
73 67 67 0 0 60
fe=(301)
376 134 0 0 0 0 0 0 0 0 67 13
fi=(308)
73 8 8 0 0 6
fe=(301)
376 16 0 0 0 0 0 0 0 0 8
+3 24 12 0 0 6
-1 12
fi=(308)
81 12 12
fe=(301)
375 40 0 0 0 0 0 0 0 0 12 7
+9 16 0 0 0 0 0 0 0 0 8 6
+1 16 0 8
506 224 0 0 0 0 0 0 0 0 112 55
+4 52 52
fi=(308)
284 104 52
133 52 0 52
284 52 0 52
fe=(301)
517 156 0 52 0 0 52
cfi=(308)
cfn=(2790)
calls=52 23 
* 2590923 887228 524254 0 134192 97892 0 48459 31763 462350 46007
* 180 0 60 0 0 56
cfi=(308)
cfn=(2790)
calls=60 23 
* 1806185 618217 365254 0 92913 68980 0 35457 23550 322262 32449
fi=(304)
68 224 112 0 0 0 0 0 0 0 112 36
-6 248 124 124 0 0 101
+1 124 0 124
fe=(301)
520 124 0 124 0 0 104
-2 372 0 124 0 0 26
142 1364 992 0 0 302 0 0 0 0 124 23
357 36 12 0 0 0 0 0 0 0 12 1
+1 12 0 12
506 24 0 0 0 0 0 0 0 0 12 4
+4 9 9
fi=(308)
284 18 9 0 0 5 0 0 3
133 9 0 9
284 9 0 9
fe=(301)
517 18 0 9 0 0 5
cfi=(308)
cfn=(2790)
calls=9 23 
* 130911 44879 26543 0 6734 4981 0 2130 1427 23334 2305
* 6 0 3
cfi=(308)
cfn=(2790)
calls=3 23 
* 129 42 21 0 3 6 0 0 2 24 3
fi=(304)
68 24 12 0 0 0 0 0 0 0 12 5
fe=(301)
346 48 0 0 1 0 0 1 0 0 12
508 60 60
fi=(308)
284 60
137 60 0 60
284 60 0 60
fe=(301)
517 60
-50 208 0 0 0 0 0 0 0 0 104
-9 104
+1 104
+1 104
-4 104
+1 208
+25 2775 2775 0 0 1172 0 0 365
-15 10996 0 0 0 0 0 0 0 0 2775 106
+1 8325 2775 0 0 2555 0 0 749 0 2775 179
+2 13045 2609 0 0 0 0 0 0 0 5218 252
fi=(308)
73 2609 2609
fe=(301)
473 7660 0 0 0 0 0 0 0 0 5051 200
fi=(308)
81 167 167
fe=(301)
476 167
+2 167
-1 334
+7 208 0 0 0 0 0 0 0 0 104
+1 208 0 104
+2 208 0 0 0 0 0 0 0 0 104 1

ob=(2)
fl=(243)
fn=(1900)
255 54405
+1 54405
+6 54405
+1 54405 0 0 0 0 0 0 0 0 54405 249
+2 10743 10743 0 0 5007 0 0 404
+1 10743
+1 10743 0 0 0 0 0 0 0 0 10743 328
+3 8801 8801 0 0 1
+1 8801 0 8801 0 0 5332 0 0 2919
+1 8801 0 8801 0 0 3895 0 0 2007
+3 17602 8801
+30 43662
+1 43662 0 0 0 0 0 0 0 0 43662
+2 22552
+1 22552 0 0 0 0 0 0 0 0 22552
+33 21110 21110 0 0 3157 0 0 183
+1 21110 21110
+1 21110 0 21110 0 0 7614 0 0 3304
+1 21110 0 21110 0 0 4931 0 0 3508
+2 21110 21110
+17 22552 22552
+1 22552 22552
+1 22552 0 22552 0 0 8645 0 0 2666
+1 22552 0 22552 0 0 2471 0 0 217
+1 22552 22552
+7 1942 1942 0 0 2
+1 1942 1942
+1 1942 0 1942 0 0 777 0 0 468
+1 1942 0 1942 0 0 905 0 0 597
+1 1942 0 1942 0 0 1942 0 0 1299
+1 1942 0 1942
+1 3884 1942
+5 1942 1942 0 0 1754
+1 1942 0 0 0 0 0 0 0 0 1942
+5 1942
+1 1942 0 0 0 0 0 0 0 0 1942 231
+2 1942 1942 0 0 810 0 0 72
+1 1942
+1 1942 0 0 0 0 0 0 0 0 1942 1

fl=(202)
fn=(724) alloc_perturb
1985 6 2 0 0 0 0 0 0 0 2
+2 2 2

fn=(1948)
3359 4
+4 8 0 0 0 0 0 0 0 0 4
-4 12 0 8
+14 4
-14 12 0 8
+12 4 4 0 0 4
+4 4 4 0 0 4
-4 4 4 0 0 4
+4 8 0 0 0 0 0 0 0 0 4
+17 12 8 0 0 8 0 0 0 0 4
fi=(203) ./malloc/./malloc/arena.c
153 12 0 0 0 0 0 0 0 0 4 4
fe=(202)
3398 12 0 4
cfn=(1952) _int_free
calls=1702 4495 
* 528 148 96 0 36 3 0 0 0 88 7
+3 4 0 4
+1 24 20

fn=(716) _int_malloc
3846 22 2 14
1326 4 0 0 0 0 0 0 0 0 2 2
+19 12 0 0 0 0 0 0 0 0 2
3887 4 0 0 0 0 0 0 0 0 2
1794 2 2
3914 4 0 0 0 0 0 0 0 0 2
+63 4 0 0 0 0 0 0 0 0 2
+62 40 0 0 0 0 0 0 0 0 8
+1 6 2 0 0 2 0 0 0 0 2
+20 2 2
-1 2
-1 2
+1 4 0 2
+1 4 2 0 0 0 0 0 0 0 2
-2 4 2
+12 10 2 2 0 2 0 0 0 0 2 2
-1 4 0 2
+4 4 2 0 0 2
+1 2
+2 4 0 0 0 0 0 0 0 0 2
-3 2 1
+1 1
+2 2 0 0 0 0 0 0 0 0 1
+1 9 3 0 0 2 0 0 0 0 3
+2 3 3 0 0 3
+1 12 0 0 0 0 0 0 0 0 6 1
+2 12 3 0 0 0 0 0 0 0 3
-10 3 3
+12 6 3 0 0 1 0 0 0 0 3
+1 6 3 0 0 0 0 0 0 0 3 1
+2 6 0 0 0 0 0 0 0 0 3
+11 10 0 0 0 0 0 0 0 0 5 2
+29 3 0 3
+1 3 0 3
+4 6 0 0 0 0 0 0 0 0 3
+29 6 0 0 0 0 0 0 0 0 3 1
+8 17 0 1 0 0 0 0 0 0 3 1
+1 1
+1 1 1 0 0 1
-1 1
+4 2 0 0 0 0 0 0 0 0 1
-4 1
+1 1 1 0 0 1 0 0 1
-1 1
+4 2 0 0 0 0 0 0 0 0 1 1
4487 24 18 0 0 0 0 0 0 0 2
4163 2 0 1
+1 3
+1 1 1 0 0 1 0 0 1
-1 1
+57 2 1
+9 1 0 1
-9 2
+9 1 1
-9 3 0 1 0 0 1
+1 1 0 1
+1 1 0 1
+1 1 0 1
+1 1 0 1
+6 2 0 0 0 0 0 0 0 0 1
-10 4 2
+9 2 0 2
-9 4
+9 2 2
-9 6 0 2 0 0 1
+1 2 0 2
+1 2 0 2
+1 2 0 2
+1 2 0 2
+6 4 0 0 0 0 0 0 0 0 2 1
4070 9 3 0 0 0 0 0 0 0 3 2
4246 4 0 0 0 0 0 0 0 0 2
+11 6 0 0 0 0 0 0 0 0 2
+2 6
+3 2 2 0 0 2 0 0 2
-3 2
+3 4 0 0 0 0 0 0 0 0 2
+1 2
+71 6
-4 2
+1 2
+1 2
-1 2
+1 2
+1 4 2
+1 6
+5 8 0 0 0 0 0 0 0 0 2
-99 12 3 3 0 0 0 0 0 0 3
-79 1
+8 5 0 1
+49 2
-48 2
+48 6 0 2 0 0 2
4343 6 0 0 0 0 0 0 0 0 2 2
4443 2 2
+1 4 2 0 0 2 0 0 1
+2 4 2 0 0 0 0 0 0 0 2
+3 6 0 0 0 0 0 0 0 0 2
+11 6 0 2
cfn=(724)
calls=2 1985 
* 8 4 0 0 0 0 0 0 0 2
+1 2
-9 4
+2 4
-1 2 0 2
+1 2
-3 2
+3 2
+2 2
-2 8 0 2
+2 2 0 2 0 0 2 0 0 2
+3 4

fn=(704)
3294 16 0 8
+7 4 2 0 0 2 0 0 0 0 2
1326 4 0 0 0 0 0 0 0 0 2
+19 10 0 0 0 0 0 0 0 0 2
3311 4
+2 8 4 0 0 4 0 0 0 0 2
+3 4 2 0 0 2 0 0 0 0 2
+10 4 2 0 0 2 0 0 0 0 2 2
+28 12 10
-26 8 0 2
cfn=(716)
calls=2 3846 
* 500 82 60 0 19 6 0 5 2 91 16
+1 10 2 0 0 0 0 0 0 0 4
fi=(203)
153 4 0 0 0 0 0 0 0 0 2 2
fe=(202)

fn=(1956) _int_free_maybe_consolidate
4770 44 4 28
+6 8 0 0 0 0 0 0 0 0 4
+22 44 36 0 0 0 0 0 0 0 4

fn=(1952)
4495 28 0 16
+4 12 4
+6 16 0 0 0 0 0 0 0 0 4
+1 8 0 0 0 0 0 0 0 0 4
+4 20 0 0 0 0 0 0 0 0 8
+8 16 8 0 0 0 0 0 0 0 4
-1 8
+1 8 4 0 0 4 0 0 0 0 4
1792 4 4 0 0 4
4561 8 0 0 0 0 0 0 0 0 4
+76 8 4 0 0 0 0 0 0 0 4
+3 8 4 0 0 4 0 0 0 0 4
+18 4
-12 4
+12 16 16
-12 4
cfn=(1954) _int_free_merge_chunk
calls=462 +19 
* 356 104 80 0 24 3 0 0 0 52 7

fn=(1954)
4665 20 0 16
+1 4
-1 12 0 8
+5 24 4 0 0 4 0 0 0 0 4
+3 8 4 0 0 4 0 0 0 0 4
+5 12 4 0 0 4 0 0 0 0 4
+3 8
+1 8 0 0 0 0 0 0 0 0 4
+1 8 4 0 0 4 0 0 0 0 4
1992 12 4 0 0 0 0 0 0 0 4
4689 8 4 0 0 0 0 0 0 0 4 4
+25 8 4 0 0 0 0 0 0 0 4
+6 8 4 0 0 4 0 0 0 0 4
+4 4 0 4
+9 4 4
-1 4
+1 12
+1 8 4 0 0 4 0 0 0 0 4
+2 4 0 4
+2 8 0 0 0 0 0 0 0 0 4 3
+5 4 0 4
+1 4 0 4
+2 12 0 4
+1 4 0 4
-45 4
-1 8
+1 24 24
-1 4
cfn=(1956)
calls=811 +69 
* 96 40 28 0 0 0 0 0 0 8
+39 12 0 4 0 0 3

fl=(269) ./csu/../sysdeps/nptl/libc_start_call_main.h
fn=(2052) (below main)
cob=(11)
cfi=(266)
cfn=(2060)
calls=0 78 
58 1142712990 223493590 70381626 8 5953157 2301893 8 450882 218474 113755947 5876790 65875 238

fl=(211)
fn=(750)
158 2
+1 4
+5 2
+1 2 0 0 0 0 0 0 0 0 2
+1 2
+1 2
+1 2 0 0 0 0 0 0 0 0 2 2
+69 2 2 0 0 2
+1 2 0 0 0 0 0 0 0 0 2 1
+87 2
+1 2
+1 2
+1 131074 0 131072 0 0 2048 0 0 2047 131074 2
+1 2
+1 4 2 0 0 2

fl=(264)
fn=(2024)
cfi=(269)
cfn=(2052)
calls=0 29 
360 1142712990 223493590 70381626 8 5953157 2301893 8 450882 218474 113755947 5876790 65875 238

totals: 1142712990 223493590 70381626 8 5953157 2301893 8 450882 218474 113755947 5876790 65875 238
