# callgrind format
version: 1
creator: callgrind-3.22.0
pid: 801880
cmd:  /home/max/projects/corintho-ai/bench/results/long-profile-2026-09-23/bin/selfplay_nn - /home/max/projects/corintho-ai/bench/results/long-profile-2026-09-23/model.mlp 48 1600 16 1 901
part: 3


desc: I1 cache: 65536 B, 64 B, 8-way associative
desc: D1 cache: 32768 B, 64 B, 8-way associative
desc: LL cache: 25165824 B, 64 B, 12-way associative

desc: Timerange: Basic block 1817274965 - 2510499657
desc: Trigger: dump

positions: line
events: Ir Dr Dw I1mr D1mr D1mw ILmr DLmr DLmw Bc Bcm Bi Bim
summary: 1164426882 221712232 71124224 7 5707038 2103038 7 142440 58169 115977651 4729562 54163 206


ob=(1) /usr/lib/x86_64-linux-gnu/ld-linux-x86-64.so.2
fl=(1) ???
fn=(0) 0x000000000001f540
cob=(11) /home/max/projects/corintho-ai/bench/results/long-profile-2026-09-23/bin/selfplay_nn
cfi=(263) ???
cfn=(2022) (below main)
calls=0 0 
0 1164426882 221712232 71124224 7 5707038 2103038 7 142440 58169 115977651 4729562 54163 206

ob=(4) ???
fl=(178) ???
fn=(2610) 0x000000000010a810
0 19776 9888 0 0 9568 0 0 0 0 0 0 9888
cob=(8) /usr/lib/x86_64-linux-gnu/libgomp.so.1.0.0
cfi=(188) ???
cfn=(2612) GOMP_loop_ull_dynamic_next
calls=9888 0 
0 245964 79104 29252 0 36138 0 0 0 0 39552 631

fn=(2078) 0x000000000010a590
0 87726 43863 0 0 6893 0 0 0 0 0 0 43863 206
cob=(2) /usr/lib/x86_64-linux-gnu/libc.so.6
cfi=(243) ./string/../sysdeps/x86_64/multiarch/memmove-vec-unaligned-erms.S
cfn=(1900) __memcpy_avx_unaligned_erms
calls=43863 255 
0 545327 136971 91314 0 9125 30358 0 110 7154 110898 554

fn=(2452) 0x000000000010a6e0
cob=(8)
cfi=(188)
cfn=(2454) GOMP_parallel
calls=412 0 
0 1164426882 221712232 71124224 7 5707038 2103038 7 142440 58169 115977651 4729562 54163 206

fn=(2530) 0x000000000010a5e0
0 412 206 0 0 0 0 0 0 0 0 0 206
cob=(8)
cfi=(188)
cfn=(2532) GOMP_loop_ull_dynamic_start
calls=206 0 
0 30488 8446 7622 0 0 0 0 0 0 3708 644

fn=(2616) 0x000000000010a4f0
0 412 206 0 0 206 0 0 0 0 0 0 206
cob=(8)
cfi=(188)
cfn=(2618) GOMP_loop_end_nowait
calls=412 0 
0 8034 3090 1854 0 412 412 0 0 0 1236 272

ob=(8)
fl=(188)
fn=(2532)
0 8446 1854 2472 0 0 0 0 0 0 824 203
cfn=(2534) 0x0000000000024750
calls=206 0 
0 11536 3502 3502 0 0 0 0 0 0 1030 89
0 10506 3090 1648 0 0 0 0 0 0 1854 352

fn=(2612)
0 245964 79104 29252 0 36138 0 0 0 0 39552 631

fn=(2534)
0 6386 1442 1854 0 0 0 0 0 0 824 89
cfn=(2504) 0x0000000000024680
calls=412 0 
0 3502 824 1442 0 0 0 0 0 0 206
0 1648 1236 206

fn=(2454)
cob=(11)
cfi=(298) /home/max/projects/corintho-ai/bench/../corintho_ai/cpp/src/trainer.cpp
cfn=(2528) Trainer::doIteration(float*, float*, int) [clone ._omp_fn.0]
calls=206 206 
0 1164426882 221712232 71124224 7 5707038 2103038 7 142440 58169 115977651 4729562 54163 206

fn=(2504)
0 3502 824 1442 0 0 0 0 0 0 206

fn=(2618)
0 8034 3090 1854 0 412 412 0 0 0 1236 272

ob=(11)
fl=(266) /home/max/projects/corintho-ai/bench/selfplay_nn.cpp
fn=(2060) main
fi=(298)
cob=(4)
cfi=(178)
cfn=(2452)
calls=206 0 
206 1164426882 221712232 71124224 7 5707038 2103038 7 142440 58169 115977651 4729562 54163 206
fe=(266)

fl=(308) /home/max/projects/corintho-ai/bench/../corintho_ai/cpp/src/node.cpp
fn=(2734) Node::Node(Game const&, Node*, Node*, int, int)
38 317542 0 158771
+2 158771
fi=(309) /home/max/projects/corintho-ai/bench/../corintho_ai/cpp/src/game.cpp
307 158771
fe=(308)
40 158771
fi=(309)
305 158771
fe=(308)
38 1270168 0 793855 0 0 2
+2 158771 158771 0 0 48814 0 0 1591
-2 476313 158771 158771 0 2524
fi=(323) /home/max/projects/corintho-ai/bench/../gsl/include/gsl/util
+63 158771 0 158771 0 0 115032 0 0 8089
fi=(309)
297 158771
fe=(308)
40 476313 158771 317542
+2 158771
fi=(309)
305 158771
+2 158771 158771 0 0 28724
fe=(308)
42 317542 0 317542
fi=(309)
307 158771
+1 158771 158771
fe=(308)
42 317542 0 317542
fi=(323)
+59 158771 0 158771
fe=(308)
-59 317542 0 317542
fi=(309)
308 158771 0 0 0 0 0 0 0 0 158771 24064
+2 689625 275850
+1 137925
-1 137925
+1 137925 137925 275850 0 0 6
-1 137925 0 137925
+13 137925
fe=(308)
45 137925
fi=(309)
323 275850 137925 413775
+4 413775 0 137925
fe=(308)
45 137925 0 137925 0 0 2
cfi=(309)
cfn=(2592) Node::initializeEdges()
calls=137925 340 
* 135356035 10191891 13391694 0 228883 131945 0 36154 3667 12002029 691111
fi=(309)
323 20846
fe=(308)
45 20846
fi=(309)
323 41692 20846 62538 0 0 2
+4 62538 0 20846
fe=(308)
45 20846 0 20846
cfi=(309)
cfn=(2592)
calls=20846 340 
* 21095815 1581010 2137200 0 31841 20218 0 5661 572 1917645 108995
+3 158771 158771
225 158771 158771
+1 635084 317542 0 0 0 0 0 0 0 158771 72648
+38 93679 93679
-1 187358 0 93679
+1 187358 0 93679 0 0 2340 0 0 1342
48 93679 0 93679
+1 281037 187358 0 0 0 0 0 0 0 93679 86
263 130184 0 65092
+1 130184 0 65092
48 65092 0 65092
+1 195276 130184 0 0 0 0 0 0 0 65092
+1 158771
-1 158771
+1 952626 952626
-1 158771
cfn=(2730) Node::syncStats()
calls=158771 269 
* 3656877 1586424 476313 0 0 39965 0 0 3351 320114 1342
fi=(309)
313 20846 20846
+6 20846
-6 20846
+6 41692
-1 41692
+2 20846
-10 20846 20846
+10 41692
fe=(308)
-84 65092
+6 65092 65092
-4 281597 0 0 0 0 0 0 0 0 65092 17287
fi=(304) /home/max/projects/corintho-ai/bench/../corintho_ai/cpp/include/arena.h
68 100942 50471 0 0 0 0 0 0 0 50471
fe=(308)
238 25654
fi=(304)
68 29242 14621 0 0 0 0 0 0 0 14621
fi=(320) /home/max/projects/corintho-ai/bench/../corintho_ai/cpp/include/node.h
191 65092
fi=(304)
90 65092
fi=(320)
192 65092
-1 65092 0 65092
+1 130184
fi=(304)
89 130184 0 0 0 0 0 0 0 0 65092 590
+3 58484
-48 325460 65092 0 0 0 0 0 0 0 65092 68
+2 65029 65029 0 0 64102 0 0 1563
fe=(308)
246 65029
fi=(304)
46 65029 0 65029
fe=(308)
246 65029 0 0 0 0 0 0 0 0 65029
+14 65092 0 65092
+3 65092 65092
fi=(323)
101 130184 0 65092
fe=(308)
239 29242 0 0 0 0 0 0 0 0 14621 6720
+1 21110 0 0 0 0 0 0 0 0 5726 2179
fi=(304)
49 252 0 63
+1 189 63 0 0 0 0 0 0 0 63
+2 63 63 0 0 62
+1 63 63
+1 63
-1 63
fe=(308)
246 63
fi=(304)
53 63 0 63
+1 63 0 63
fe=(308)
246 63 0 0 0 0 0 0 0 0 63
+3 14621 14621
-1 14621 14621
fi=(321) /usr/include/x86_64-linux-gnu/bits/string_fortified.h
29 14621
fe=(308)
250 14621
fi=(321)
29 14621
fe=(308)
250 14621 0 14621
fi=(321)
29 29242 0 29242
cob=(4)
cfi=(178)
cfn=(2078)
calls=14621 -29 
* 213739 63866 32830 0 16018 8958 0 110 3256 34624 478 14621 206
fe=(308)
252 14621 14621
-1 14621 14621
+1 14621
fi=(321)
29 14621
fe=(308)
251 14621 14621
+1 29242 0 14621
-1 43863 0 14621
fi=(321)
29 14621
fe=(308)
252 14621 0 14621
-1 14621 0 14621
fi=(321)
29 29242 0 29242
cob=(4)
cfi=(178)
cfn=(2078)
calls=14621 -29 
* 209657 58484 29242 0 0 13518 0 0 2760 38137 76 14621
fe=(308)
254 14621 14621
fi=(321)
29 29242 14621
fe=(308)
253 14621 14621
+1 29242
-1 29242
fi=(321)
29 29242 0 29242
cob=(4)
cfi=(178)
cfn=(2078)
calls=14621 -29 
* 209657 58484 29242 0 0 7882 0 0 1138 38137 0 14621
fe=(308)
257 14621 14621
fi=(321)
29 58484 43863
fe=(308)
256 14621
+1 14621
fi=(321)
29 87307 14621 0 0 0 0 0 0 0 36343
fi=(320)
192 43863
fi=(304)
68 29242 14621 0 0 0 0 0 0 0 14621 3879
+22 14621
-1 29242 0 0 0 0 0 0 0 0 14621
+3 22904
-30 22904 5726 5726
+1 11452 0 5726
-1 35580 8895 8895
+1 17790 0 8895
fi=(321)
-34 21528 3588 3588 0 0 1777 0 0 458 1794 207
fe=(308)
239 17790
fi=(321)
29 81925 25654 25654 0 0 6868 0 0 764 8895
fe=(308)

fn=(2790) Node::~Node()
23 768 0 576
+1 192 192
-1 192
+1 384 0 0 0 0 0 0 0 0 192
fi=(304)
+44 384 192 0 0 30 0 0 0 0 192
fi=(320)
191 192 192 0 0 96 0 0 33
fe=(308)
25 192 192
fi=(320)
192 576
fi=(304)
59 384 0 0 0 0 0 0 0 0 192 24
+31 192
-1 384 0 0 0 0 0 0 0 0 192 37
+3 752
-30 752 188 188 0 0 186 0 0 44
+1 188 0 188
fe=(308)
-37 564 188 0 0 0 0 0 0 0 188
fi=(304)
+36 16 4 4 0 0 4 0 0 1
+1 4 0 4
fe=(308)
-37 12 4 0 0 0 0 0 0 0 4
fi=(304)
+42 384 192 0 0 0 0 0 0 0 192
-6 384 192 192 0 0 83 0 0 31
+1 192 0 192
fe=(308)
-35 576 192 0 0 12 0 0 4 0 192 59
+1 958 192 191 0 0 0 0 0 0 192 1
cfn=(2791) Node::~Node()'2
calls=191 -6 
* 5305834 1820731 1073495 0 272820 200802 0 52333 31605 948348 83617
fi=(304)
+39 382 191 0 0 0 0 0 0 0 191
-6 382 191 191 0 0 126 0 0 16
+1 191 0 191
fe=(308)
-33 768 768 0 0 52

fn=(2791)
23 499392 0 374544 0 0 4618 0 0 20
+1 124848 124848 0 0 121276 0 0 24445
-1 124848
+1 249696 0 0 0 0 0 0 0 0 124848 820
fi=(304)
+44 248334 124167 0 0 0 0 0 0 0 124167
fi=(320)
191 124167 124167 0 0 121724 0 0 24161
fe=(308)
25 124167 124167
fi=(320)
192 372501
fi=(304)
59 248334 0 0 0 0 0 0 0 0 124167 25224
+31 38323
-1 76646 0 0 0 0 0 0 0 0 38323 6965
+3 26080
-30 26080 6520 6520 0 0 6511 0 0 809
+1 6520 0 6520
fe=(308)
-37 19560 6520 0 0 0 0 0 0 0 6520
fi=(304)
+36 127212 31803 31803 0 0 31768 0 0 5090
+1 31803 0 31803
fe=(308)
-37 95409 31803 0 0 0 0 0 0 0 31803
fi=(304)
+42 248334 124167 0 0 0 0 0 0 0 124167
-6 248334 124167 124167 0 0 117340 0 0 19834
+1 124167 0 124167
fe=(308)
-35 547212 124848 86334 0 26919 675 0 3727 0 124848 37650
cfn=(2791)
calls=86334 -5 
* 66680092 23311352 13437254 0 3554634 2496726 0 694651 379644 11966796 792795
fi=(304)
+40 172668 86334 0 0 0 0 0 0 0 86334 102
-6 172668 86334 86334 0 0 27690 0 0 4341
+1 86334 0 86334
fe=(308)
-34 451190 124848 38323 0 1721 8 0 0 0 124848 12855
cfn=(2791)
calls=38323 -6 
* 16019576 5533488 3188309 0 847979 591952 0 144012 84964 2875991 285506
fi=(304)
+39 76646 38323 0 0 0 0 0 0 0 38323 1
-6 76646 38323 38323 0 0 12192 0 0 1511
+1 38323 0 38323
fe=(308)
-33 499392 499392 0 0 1180

fn=(2730)
269 11385003 3795001 0 0 53810 0 0 1122 0 3795001 165329
+2 3308715 3308715 0 0 393428
+5 6617430 6617430
-3 9926145 6617430 0 0 393592
+1 3308715
+2 3308715 0 3308715 0 0 429764 0 0 849
-2 3308715
+3 13234860 3308715 3308715 0 0 238778 0 0 770
112 3308715 3308715
279 6648140 0 0 0 0 0 0 0 0 3320999 5329
+2 486286 486286
-2 3302573 3302573
-1 6605146 0 3302573 0 0 207749 0 0 1716
+3 3302573 3302573
-3 12284 0 6142 0 0 252 0 0 16
+3 6142 6142

fl=(298)
fn=(2528)
206 2060 0 1236
fi=(280) /usr/include/c++/13/bits/stl_vector.h
993 206
fe=(298)
206 1854 824 206
fi=(280)
993 618 412 206
fe=(298)
206 412 206 206
fi=(280)
993 618
fe=(298)
206 206 0 206
fi=(280)
992 824 0 618
cob=(4)
cfi=(178)
cfn=(2530)
calls=206 0 
* 30900 8652 7622 0 0 0 0 0 0 3708 644 206
* 1030 412 206 0 0 0 0 0 0 206
cob=(4)
cfi=(178)
cfn=(2616)
calls=206 0 
* 8446 3296 1854 0 618 412 0 0 0 1236 272 206
fe=(298)
206 31930 21630 9888 0 8793 0 0 0 0 206 67
cob=(4)
cfi=(178)
cfn=(2610)
calls=9888 0 
* 265740 88992 29252 0 45706 0 0 0 0 39552 631 9888
* 79104 19776 0 0 0 0 0 0 0 19776 568
+2 29664 19776 0 0 17657 0 0 0 0 9888
fi=(280)
993 29664 19776 0 0 8432
fe=(298)
214 9888 9888
fi=(280)
993 29664
fi=(268) /usr/include/c++/13/bits/stl_algobase.h
262 19776 0 0 0 0 0 0 0 0 9888 1
fe=(298)
-46 9888 9888
-2 19776 0 0 0 0 0 0 0 0 9888
+5 9888 9888 0 0 8723
fi=(280)
1129 9888
fe=(298)
218 9888 9888
+1 19776
fi=(280)
1129 9888
fe=(298)
219 9888
-1 29664 9888
fi=(300) /home/max/projects/corintho-ai/bench/../corintho_ai/cpp/src/selfplayer.cpp
-95 49440 9888 9888 0 9682
cfi=(301) /home/max/projects/corintho-ai/bench/../corintho_ai/cpp/src/trainmc.cpp
cfn=(2556) TrainMC::doIteration(float*, float*)
calls=9888 +21 
* 1153157350 218727850 69672290 0 5311179 1889828 0 83403 25102 114382838 4616830 43425 203
+2 19776 0 0 0 0 0 0 0 0 9888 1
+1 192 0 96
cfn=(2776) SelfPlayer::chooseMoveAndContinue()
calls=96 253 
* 10528784 2741302 1390450 7 296248 212798 7 59037 33067 1490481 110548 438 3
fe=(298)
+95 192 0 0 0 0 0 0 0 0 96

fl=(263)
fn=(2022)
cob=(2)
cfi=(264) ./csu/../csu/libc-start.c
cfn=(2024) __libc_start_main@@GLIBC_2.34
calls=0 242 
0 1164426882 221712232 71124224 7 5707038 2103038 7 142440 58169 115977651 4729562 54163 206

fl=(300)
fn=(2780) SelfPlayer::chooseMove() [clone .part.0]
241 1152 96 672
+5 672 96 96 0 0 96
cfi=(301)
cfn=(2782) TrainMC::chooseMove(float*, float*)
calls=96 116 
* 4203319 1421787 826530 7 213723 159132 7 19858 11827 751042 64236
fi=(282) /usr/include/c++/13/bits/vector.tcc
114 192 192 0 0 87
fe=(300)
246 96
fi=(282)
114 384 192 0 0 169 0 0 0 0 96 2
+5 3072 1440 1536 0 598 730 0 0 1
fi=(326) /home/max/projects/corintho-ai/bench/../corintho_ai/cpp/include/selfplayer.h
-97 4896 2400 2496 0 89 1270 0 0 979
fi=(282)
+97 192 0 96
fe=(300)
251 1152 864 0 0 87 0 0 0 0 96 30

fn=(2776)
253 1152 96 672
+5 96
fi=(277) /usr/include/c++/13/bits/unique_ptr.h
-59 96 96 0 0 52 0 0 23
fe=(300)
+60 192 0 0 0 0 0 0 0 0 96
+4 672 288 0 0 2 0 0 0 0 96
-21 192 96 0 0 24 0 0 11 0 96
fi=(277)
-43 96 96 0 0 20
fe=(300)
+68 192 0 0 0 0 0 0 0 0 96 2
+4 576 288 0 0 105
fi=(308)
108 96
fe=(300)
271 192 0 0 0 0 0 0 0 0 96
+5 288 0 96
+2 672 96 0 0 90 0 0 10 0 96
+8 192 192 0 0 96 0 0 24
fi=(301)
-97 192 0 0 0 0 0 0 0 0 96
-2 96
+1 192
+7 210 210 0 0 89 0 0 44
-6 835 0 0 0 0 0 0 0 0 210 5
fi=(308)
81 205 205 0 0 205 0 0 114
fi=(301)
190 410 0 0 0 0 0 0 0 0 205 34
fi=(308)
81 96 96 0 0 96 0 0 31
fi=(301)
190 192 0 0 0 0 0 0 0 0 96 35
506 182 0 0 0 0 0 0 0 0 91
+4 33 33
+1 33 33 0 0 16 0 0 3
fi=(308)
133 66 0 33
284 99 0 33
fi=(301)
517 99 0 66 0 0 33
cfi=(308)
cfn=(2790)
calls=33 23 
* 656516 225090 132759 0 33402 22587 0 17417 10360 117313 10846
fi=(308)
133 58
284 174 0 58
fi=(301)
517 174 0 116 0 0 49
cfi=(308)
cfn=(2790)
calls=58 23 
* 585878 200836 118452 0 29917 20397 0 15266 9148 104733 9307
fi=(304)
68 273 182 0 0 51 0 0 0 0 91
-6 182 91 91 0 0 68 0 0 8
fi=(301)
518 91
fi=(304)
63 91 0 91
fi=(301)
518 91
+2 91 0 91 0 0 62 0 0 10
fe=(300)
294 182
fi=(301)
518 91 0 91 0 0 16
fe=(300)
294 455 91 91 0 53
cfi=(301)
cfn=(2556)
calls=91 144 
* 5034871 878323 301656 0 16196 7762 0 5668 368 511866 25713 438 3
-36 182 0 0 0 0 0 0 0 0 91
+39 96
+1 1056 864 0 0 188 0 0 0 0 96
fi=(325) /home/max/projects/corintho-ai/bench/../corintho_ai/cpp/src/move.cpp
21 192 0 96
cfi=(300)
cfn=(2780)
calls=96 241 
* 4215127 1427067 831426 7 214753 161228 7 19858 12807 751234 64268
* 192
fi=(301)
199 20 0 15 0 0 5
cfi=(308)
cfn=(2790)
calls=5 23 
* 18287 6241 3683 0 837 550 0 559 363 3266 307
fi=(304)
68 20 15 0 0 1 0 0 0 0 5
-6 5 5
fi=(301)
202 5
fi=(308)
89 5
fi=(301)
202 5
fi=(304)
62 5 0 5 0 0 3
+1 5 0 5
fi=(301)
201 20 0 5 0 0 2
+1 5 0 5
cfn=(2806) TrainMC::createRoot(Game const&, int)
calls=5 +9 
* 5586 464 631 0 8 1 0 3 0 507 31
+2 5 5
fi=(321)
29 5
fi=(301)
204 5 5 0 0 5 0 0 1
fi=(309)
+80 5
fi=(267) /usr/include/c++/13/bitset
506 5 5
fi=(309)
278 10
fi=(321)
29 30 10 5 0 7 5
fi=(309)
278 10
fi=(321)
29 15 5 5 0 2 5
fi=(309)
278 10
fi=(321)
29 15 5 5
fi=(309)
278 10
fi=(321)
29 15 5 5
fi=(309)
278 10
fi=(321)
29 15 5 5 0 1
fi=(309)
278 10
fi=(321)
29 15 5 5 0 0 5
fi=(309)
278 10
fi=(321)
29 15 5 5
fi=(309)
278 10
fi=(321)
29 15 5 5 0 1
fi=(309)
278 10
fi=(321)
29 15 5 5
fi=(309)
278 10
fi=(321)
29 15 5 5 0 1 5
fi=(309)
278 10
fi=(321)
29 15 5 5 0 2
fi=(309)
278 10
fi=(321)
29 15 5 5
fi=(309)
278 10
fi=(321)
29 15 5 5
fi=(309)
278 10
fi=(321)
29 10 0 5 0 0 5
fi=(309)
278 5
fi=(321)
29 20 10 5 0 1
fi=(309)
284 5 5 0 0 5
fi=(321)
29 5 0 5
fi=(309)
284 135 10
-1 5 0 5
+1 70 5
-1 5 0 5
+1 70 5
-1 5 0 5
+1 75 5
-1 5 0 5
+1 65 5
-1 5 0 5 0 0 5
+1 5 5
fi=(280)
1283 10 10
fi=(309)
284 10
-1 5 0 5
fi=(280)
1283 5 0 0 0 0 0 0 0 0 5
fi=(281) /usr/include/c++/13/bits/new_allocator.h
191 5 5
fi=(280)
1288 5
fi=(281)
191 5 0 5 0 0 5 0 0 3
fi=(280)
1288 5 0 5
fi=(301)
207 15 0 5
fe=(300)
+82 5
fi=(301)
508 58 58 0 0 22 0 0 5
fi=(308)
137 58 0 58
+1 58
fe=(300)

fl=(278) /home/max/projects/corintho-ai/bench/../corintho_ai/cpp/src/mlp.cpp
fn=(2688) Mlp::evaluateParallel(float const*, int, float*, float*, int) const [clone ._omp_fn.0]

fl=(309)
fn=(2592)
340 158776
fi=(308)
+28 158776 0 158776
fe=(309)
-26 158776
fi=(308)
+26 1428984 0 952656 0 0 14
fi=(267)
506 476328 158776 158776 0 0 2
fe=(309)
341 158776
fi=(267)
506 158776 158776
fe=(309)
340 158776
+21 158776
-21 158776
+21 158776
-20 158776
-1 158776
+1 476328
+1 476328
+1 158776
-1 158776
+1 476328
+17 317552
-17 158776
-3 158776
+1 635104
+1 635104
+1 476328
-2 317552
+2 158776
-2 317552
+1 635104
+1 476328
+1 158776
+21 158776
-21 158776
-1 158776
-3 158776
+4 1587760 0 317552
-3 476328
+28 158776
-1 158776 0 158776 0 0 4
-27 635104 0 158776
+29 317552 0 158776
-28 952656 0 317552
+1 635104
+1 476328
+22 317552
-22 158776
+26 158776
-4 476328 0 158776
+4 793880 0 158776
59 158776
+2 158776 158776
+1 317552 0 0 0 0 0 0 0 0 158776 15293
-1 317552 317552
+1 635104 0 0 0 0 0 0 0 0 317552 14562
-2 1746536 317552 0 0 0 0 0 0 0 476328 19407
+55 476328 317552
+3 952656 158776
+1 158776
-1 317552 0 158776
+3 158776 158776
-13 317552 158776
+9 158776
-1 317552 158776
+1 158776
-1 158776
-1 158776
+2 158776
+4 158776 158776
-4 158776 0 158776
-2 158776 0 158776
+6 635104 158776 0 0 0 0 0 0 0 158776 4736
+1 4258 0 4258
-1 793880 317552 0 0 0 0 0 0 0 158776 51
+1 46 0 46
-1 793880 317552 0 0 0 0 0 0 0 158776 21
+1 14 0 14
+7 14
+3 14
-1 14
+4 14
-3 14
-3 14
+2 14
+1 14
+3 14
+7 14 14
-13 14
+12 14 14
+11 14
+1 14
-11 14
+10 14
+1 14
-12 14
+8 14
+4 14
-12 14
+9 14
-1 14
+1 14
-1 14
+1 14
-1 14
+2 14
+4 14
-4 14
+4 14
-4 14
+3 14
+2 14
-2 14
+2 14
-5 14
+3 14
+6 14
-7 14
-13 14 14
+20 14
-1 14
-19 14
+19 14
+1 14
+4 14
-4 28 0 14
+4 14 0 0 0 0 0 0 0 0 14 10
-35 158762
+3 158762
-1 158762
+4 158762
-3 158762
-3 158762
+2 158762
+1 158762
+3 158762
+7 158762 158762
-13 158762
+12 158762 158762
+11 158762
+1 158762
-11 158762
+10 158762
+1 158762
-12 158762
+8 158762
+4 158762
-12 158762
+9 158762
-1 158762
+1 158762
-1 158762
+1 158762
-1 158762
+2 158762
+4 158762
-4 158762
+4 158762
-4 158762
+3 158762
+2 158762
-2 158762
+2 158762
-5 158762
+3 158762
+6 158762
-7 158762
-13 158762 158762
+20 158762
-1 158762
-19 158762
+19 158762
+1 158762
+4 158762
-4 317524 0 158762
+4 158762 0 0 0 0 0 0 0 0 158762 32347
+3 57834
-2 57834
+2 202419
-3 57834 0 0 0 0 0 0 0 0 28917 1978
+1 3836
+2 13426
-3 32753 0 28917 0 0 0 0 0 0 1918 111
+6 317552 0 0 0 0 0 0 0 0 158776 34785
+3 89865 29955
-2 59910
+2 209685
-3 59910 0 0 0 0 0 0 0 0 29955 3608
+1 3624
+2 12684
-3 3624 0 0 0 0 0 0 0 0 1812 158
41 106721 0 29955 0 0 0 0 0 0 29955 2091
fi=(265) /home/max/projects/corintho-ai/bench/../corintho_ai/cpp/include/util.h
+89 8428 0 8428
-11 16856
fi=(324) /home/max/projects/corintho-ai/bench/../corintho_ai/cpp/include/game.h
-31 8428
fi=(265)
+42 8428
-12 33712 0 16856
+12 16856
fe=(309)
+55 8428 8428
-1 8428 8428
+1 42140
fi=(265)
-23 16856
fe=(309)
+23 16856 16856 0 0 7715
fi=(265)
-23 8428 8428 0 0 7375
+1 16856 0 0 0 0 0 0 0 0 8428 2095
fe=(309)
+22 2834 2834
-1 2834 2834
+1 14170
fi=(265)
-23 5668
fe=(309)
+23 5668 5668 0 0 2002
fi=(265)
-23 2834 2834 0 0 625
+1 29989 0 16214 0 0 0 0 0 0 2834 1131
+1 8107
fi=(324)
-75 8107
fi=(265)
+75 8107
fe=(309)
+27 8107 8107 0 0 4046
fi=(324)
88 8107
+1 16214 0 0 0 0 0 0 0 0 8107 2396
fi=(265)
+75 11844
fi=(324)
-75 11844
fi=(265)
+75 11844
fe=(309)
+27 11844 11844 0 0 3027
fi=(324)
88 11844
+1 23688 0 0 0 0 0 0 0 0 11844 3197
+1 46431 0 0 0 0 0 0 0 0 15477 2827
+1 52172 13043
fi=(265)
+39 52172
+33 26086 0 0 0 0 0 0 0 0 13043 2178
-33 27632
+33 30030 16214 0 0 0 0 0 0 0 6908 1618
+4 16214 8107
+1 16214 0 0 0 0 0 0 0 0 8107 615
-1 6310 3155
+1 6310 0 0 0 0 0 0 0 0 3155 152
-23 11262 0 11262
+1 11262
fe=(309)
+36 33786 11262 0 0 0 0 0 0 0 11262 3261
fi=(265)
-37 16856 16856
-3 8428
+3 16856 8428 8428
+1 8428
fi=(323)
-45 8428 8428
fi=(265)
+41 25284
fi=(308)
377 8428
fi=(323)
101 8428 0 8428
fi=(308)
373 11000 1286 1286 0 0 0 0 0 0 8428 1524
+20 1746536 1428984 0 0 0 0 0 0 0 158776 428
fe=(309)
71 2697198
+2 449533
-2 2697198
+2 449533
-2 899066
+1 449533
+1 449533
-2 449533
+1 449533
-1 449533
+2 449533
-2 899066
+1 449533
+2 449533
-3 899066
+1 449533
+1 449533
-1 449533
-1 449533
+1 449533
-1 449533
+3 449533
-2 449533
+1 449533
-1 449533
+1 449533
+1 449533
-2 449533
+1 1348599
-1 449533
+1 899066
-1 449533
+1 899066
-1 449533 0 449533
+4 449533
-3 2247665 0 449533 0 0 1
+3 483245 0 0 0 0 0 0 0 0 449533 8770
+3 8428 8428
+1 16856 0 0 0 0 0 0 0 0 8428 3027
-1 25284 25284
+1 50568 0 0 0 0 0 0 0 0 25284 5991
+3 33792
-2 16896
+1 8448
+1 16896 8448 0 0 6281
+1 16896 0 0 0 0 0 0 0 0 8448
-3 2814
+1 1407
+1 2814 1407
+1 2814 0 0 0 0 0 0 0 0 1407
+1 19710
+2 9855
-2 19710 0 9855
-5 28158 0 0 0 0 0 0 0 0 9855 1642
+10 8448 8448
+1 16896 0 0 0 0 0 0 0 0 8448 4
-1 25264 25264
+1 50528 0 0 0 0 0 0 0 0 25264 92
+3 5628
-2 2814
+1 1407
+1 2814 1407
+1 2814 0 0 0 0 0 0 0 0 1407
+1 2814
+2 1407
-2 2814 0 1407
-5 4221 0 0 0 0 0 0 0 0 1407
-13 109564 0 0 0 0 0 0 0 0 33712 9151
fi=(323)
+23 28034 28034
fi=(265)
+41 140170 28034
fi=(323)
-41 28034 0 28034
fi=(304)
-33 314980 157490 0 0 0 0 0 0 0 157490 1
-24 472470 157490 0 0 0 0 0 0 0 157490 217
+2 314980 157490 157490 0 151276 0 0 2904
fi=(265)
163 157490 157490
fi=(308)
385 157490 157490
fi=(320)
169 314980 0 314980 0 0 152142 0 0 4239
fi=(265)
-6 157490
fi=(308)
385 157490 0 157490
fi=(265)
163 157490 0 0 0 0 0 0 0 0 157490 4694
fi=(308)
386 306204
+4 306204
+1 153102
-1 612408 153102
fi=(265)
163 153102
fi=(308)
390 153102 0 153102
fi=(265)
163 153102 0 0 0 0 0 0 0 0 153102 4945
fi=(308)
390 2978944
+1 1489472
-1 5957888 1489472 0 0 45247 0 0 22361
fi=(265)
163 1489472
fi=(308)
390 1489472 0 1489472
fi=(265)
163 1489472 0 0 0 0 0 0 0 0 1489472 148574
-1 153102 153102
fi=(308)
386 306204
+4 153102
+1 153102
-1 153102 0 153102
fi=(265)
163 306204 0 0 0 0 0 0 0 0 153102 3
fi=(308)
390 1489472
+1 1489472
-1 1489472 0 1489472
fi=(265)
163 3285148 153102 0 0 0 0 0 0 0 1489472 147435
+5 306204
-1 153102
+1 161878 0 0 0 0 0 0 0 0 153102 1059
-1 4388
+1 160954 0 0 0 0 0 0 0 0 4388
fi=(308)
390 156566
fi=(265)
169 156566
fi=(308)
391 156566
-1 156566 156566 0 0 197 0 0 91
fi=(265)
169 313132
fi=(308)
390 469698
fi=(265)
168 156566
fi=(308)
390 156566 0 156566
fi=(265)
168 156566 0 0 0 0 0 0 0 0 156566 1880
fi=(308)
390 3386068
fi=(265)
169 3386068
fi=(308)
391 3386068
-1 3386068 3386068 0 0 32937 0 0 16462
fi=(265)
169 6772136
fi=(308)
390 10158204
fi=(265)
168 3386068
fi=(308)
390 3386068 0 3386068
fi=(265)
168 3542634 0 0 0 0 0 0 0 0 3386068 155450
fi=(308)
390 156566
+1 156566
-1 156566 0 156566
fi=(265)
168 313132 0 0 0 0 0 0 0 0 156566 162
fi=(308)
390 3386068
+1 3386068
-1 3386068 0 3386068
fi=(265)
168 6928702 0 0 0 0 0 0 0 0 3386068 151066
fe=(309)
41 257642 0 0 0 0 0 0 0 0 128821 5386
fi=(265)
142 122314
fi=(323)
-41 122314 122314
fi=(265)
+41 489256 122314
fi=(323)
-41 122314 0 122314
fi=(308)
373 122314 0 0 0 0 0 0 0 0 122314 3
+13 8776
fe=(309)

fl=(301)
fn=(2556)
144 139706 9979 89811 0 0 93
-75 9979 9979 0 0 9782
+75 39916 9979 19958 0 58
+4 19958 0 0 0 0 0 0 0 0 9979 5304
+15 29937 9979 0 0 2477 0 0 0 0 9979 15
fi=(280)
993 19958 19958 0 0 3592 0 0 8
fe=(301)
172 29846 9888 0 0 0 0 0 0 0 9979
299 19776 0 9888
-70 29664 19776 9888 0 217
+71 9888 9888
+1 9888
+19 9888 0 9888
-20 19776 9888 9888 0 9852
+1 98880 9888 9888 0 9858 0 0 0 0 9888
-1 147602 147602
+1 147602
+19 147602 0 147602
-20 295204 147602 147602 0 16553
+1 2420960 147602 305092 0 146628 16 0 0 0 305092
fi=(308)
85 157490 157490
fe=(301)
301 314980
+1 472470 157490
-78 472470 157490 0 0 37268 0 0 0 0 157490
-1 157490 157490
+1 157490
-1 314980
fi=(308)
98 314980 157490 0 0 156435
fe=(301)
225 629960 157490 157490 0 131524 52
-1 157490
+2 157490
-2 314980 0 0 0 0 0 0 0 0 157490 1677
fi=(308)
98 10059570 5029785 0 0 143191
fe=(301)
225 20119140 5029785 5029785 0 555356
-1 5029785
+2 5029785
-2 10059570 0 0 0 0 0 0 0 0 5029785 155938
+5 1732390 314980 157490
+1 307844 0 0 0 0 0 0 0 0 157490 1606
+1 751770 150354 150354
-1 150354 0 0 0 0 0 0 0 0 150354
+1 451062 150354 150354
-1 150354 0 0 0 0 0 0 0 0 150354 1829
+1 445887 148629 148629
-1 148629 0 0 0 0 0 0 0 0 148629 16860
+1 399699 133233 133233
-1 133233 0 0 0 0 0 0 0 0 133233 2262
+1 6519 2173 2173
-1 1537028 150354 0 0 0 0 0 0 0 294996 61796
+1 212220 70740 70740
-1 353700 0 0 0 0 0 0 0 0 70740 27844
+1 574740 114948 114948
-1 344844 0 0 0 0 0 0 0 0 114948 40553
+1 74631
-1 74631
+1 74631 74631
-1 74631
+1 74631 0 74631
-1 74631 0 0 0 0 0 0 0 0 74631 32580
+1 110376 36792 36792
+73 3464780 157490 472470 0 2393 10 0 0 0 314980 3755
-51 157490
-14 314980 0 157490
+1 472470 0 157490
-1 629960
+1 629960
+1 472470
+15 157490
fi=(268)
-18 314980
fe=(301)
+19 314980 0 0 0 0 0 0 0 0 157490
-18 3080164
+1 3080164
+1 2310123
+15 770041
fi=(268)
-18 1540082
fe=(301)
+19 6177737 0 0 0 0 0 0 0 0 770041
+1 927531
-1 927531
+2 927531
-1 2782593 927531 927531 0 76700 65
-1 927531
+3 927531
-3 927531 0 0 0 0 0 0 0 0 927531 25262
+1 4259744
-1 4259744
+2 4259744
-1 12779232 4259744 4259744 0 341888 55
-1 4259744
+3 4259744
-3 4259744 0 0 0 0 0 0 0 0 4259744 100592
-3 6177737 0 0 0 0 0 0 0 0 927531 30367
+9 1732390 787450 157490
+1 307844 0 0 0 0 0 0 0 0 157490 2553
+1 751770 150354 150354
-1 150354 0 0 0 0 0 0 0 0 150354
+1 451062 150354 150354
-1 150354 0 0 0 0 0 0 0 0 150354 18162
+1 445887 148629 148629
-1 148629 0 0 0 0 0 0 0 0 148629 14665
+1 399699 133233 133233
-1 133233 0 0 0 0 0 0 0 0 133233 2277
+1 6519 2173 2173
-1 1537028 150354 0 0 0 0 0 0 0 294996 60918
+1 212220 70740 70740
-1 353700 0 0 0 0 0 0 0 0 70740 25519
+1 574740 114948 114948
-1 344844 0 0 0 0 0 0 0 0 114948 40087
+1 74631
-1 74631
+1 74631 74631
-1 74631
+1 74631 0 74631
-1 74631 0 0 0 0 0 0 0 0 74631 32566
+1 110376 36792 36792
+4 36792 36792
+3 36792
+22 36792
-22 257544 0 0 0 0 0 0 0 0 36792
-3 120698 120698
+3 120698
+22 120698
-22 1632336 0 157490 0 0 38 0 0 0 278188 1103
+2 157490
-2 157490
+2 314980 0 0 0 0 0 0 0 0 157490 13
-1 157490
+2 472470 314980 157490 0 0 7517
-1 157490
+2 157490
-2 314980 0 0 0 0 0 0 0 0 157490
+1 15089355 10059570 5029785 0 0 236
-1 5029785
+2 5029785
-2 10059570 0 0 0 0 0 0 0 0 5029785 156202
+5 472470 314980
+1 314980 157490
-1 157490
+2 157490
+8 314980 157490
fi=(268)
-27 157490
fi=(308)
-95 157490
fe=(301)
289 157490
fi=(268)
-27 314980
fi=(308)
-95 157490 157490
fe=(301)
281 157490
fi=(308)
167 314980
fe=(301)
291 157490
fi=(308)
167 314980
fe=(301)
281 157490
fi=(308)
167 157490 0 157490
fe=(301)
281 157490 0 0 0 0 0 0 0 0 157490
+8 10059570 5029785
fi=(268)
-27 5029785
fi=(308)
-95 5029785
fe=(301)
289 5029785
fi=(268)
-27 10059570
fi=(308)
-95 5029785 5029785
fe=(301)
281 5029785
fi=(308)
167 10059570
fe=(301)
291 5029785
fi=(308)
167 10059570
fe=(301)
281 5029785
fi=(308)
167 5029785 0 5029785
fe=(301)
281 5029785 0 0 0 0 0 0 0 0 5029785 151959
+12 629960 157490
fi=(308)
147 157490 0 157490
fe=(301)
310 157490 157490
-1 472470 314980
+1 157490 157490 0 0 35217
-1 157490 157490 0 0 16093
+1 157490 0 0 0 0 0 0 0 0 157490 6
+2 820649
fi=(308)
202 1641298 820649 820649 0 88002
+1 820649 0 820649
cfn=(2730)
calls=820649 +66 
* 18875235 8206413 2461947 0 787020 836578 0 0 0 1641452 393
fe=(301)
314 820649 820649
fi=(308)
161 820649 0 820649
+1 820649 0 820649
cfn=(2730)
calls=820649 269 
* 18875235 8206413 2461947 0 0 0 0 0 0 1641452 1897
fe=(301)
315 3282596 820649
+1 1641298 820649 820649
-6 1641298 820649 0 0 82538 0 0 0 0 820649 167040
+9 157490 157490
fi=(308)
202 314980 157490 157490 0 2280
+1 157490 0 157490
cfn=(2730)
calls=157490 +66 
* 629960 314980 0 0 0 0 0 0 0 157490 5
fi=(280)
993 472470 472470
fe=(301)
299 157490 0 157490
fi=(280)
993 157490
fe=(301)
299 157490 157490
fi=(280)
993 157490
fe=(301)
299 314980 0 0 0 0 0 0 0 0 157490 9909
+22 9888 9888
fi=(308)
161 9888 0 9888
+1 9888 0 9888
cfn=(2730)
calls=9888 269 
* 39552 19776 0 0 0 0 0 0 0 9888 3
fi=(280)
1606 9888 9888
1935 29664 9888 0 0 0 0 0 0 0 9888
+4 9888 0 9888
fe=(301)
181 19776 9888
-6 9888 9888
+6 9888 9888
-6 9888
+6 9888
-6 9979 91 0 0 0 0 0 0 0 9888
+6 91 91
-6 91
+6 91
-6 91 0 0 0 0 0 0 0 0 91
-1 9979
+1 9979
-1 19862 0 0 0 0 0 0 0 0 9979 113
+1 952746 476373 0 0 1 0 0 0 0 317582
662 158791
-1 158791 0 158791
+1 158791 0 158791
+1 158791 158791
fi=(308)
108 158791
fe=(301)
663 635164 158791 158791 0 86 0 0 0 0 158791
-36 317582 158791 0 0 2313
-39 9123323 2488179 0 0 58018 0 0 2197 0 829393
fi=(308)
212 829393
fe=(301)
588 829393
fi=(308)
212 3317572 829393 0 0 253972 0 0 8195 0 1658786 52317
+5 778922 778922
+3 778922 778922
-3 778922
+1 1557844
+1 778922
fe=(301)
594 1557844 0 0 0 0 0 0 0 0 778922
+19 3894610 778922 0 0 0 0 0 0 0 778922
+5 44933964 14977988 0 0 237938 0 0 2900 0 14977988 228310
fi=(308)
104 73751285 14750257 0 0 377891 0 0 2531
fe=(301)
622 14750257
fi=(308)
104 44250771 14750257
fe=(301)
623 14750257
-1 14750257 0 0 0 0 0 0 0 0 14750257
+4 14750257
+1 14750257
-1 59001028 44250771 0 0 400399 0 0 3018
+1 29500514
-1 29500514
+3 14750257
+1 29500514
-17 44933964 0 0 0 0 0 0 0 0 14977988 827323
fi=(308)
85 778922 778922
fe=(301)
636 1557844 0 0 0 0 0 0 0 0 778922 280157
+13 1341244 0 0 0 0 0 0 0 0 670622 33
fi=(308)
192 40 0 20
+1 20 0 20
cfn=(2730)
calls=20 +76 
* 460 200 60 0 0 0 0 0 0 40
fe=(301)
680 20 20
fi=(308)
202 60 40 20
+1 20 0 20
cfn=(2730)
calls=20 +66 
* 460 200 60 0 0 0 0 0 0 40 3
fe=(301)
685 20 20
fi=(308)
161 20 0 20
+1 20 0 20
cfn=(2730)
calls=20 269 
* 460 200 60 0 0 0 0 0 0 40
fe=(301)
688 60 40 0 0 0 0 0 0 0 20
fi=(308)
197 74 0 74
+1 74 0 74
cfn=(2730)
calls=74 +71 
* 1702 740 222 0 0 0 0 0 0 148 20
fe=(301)
690 74 74
fi=(308)
207 222 148 74
+1 74 0 74
cfn=(2730)
calls=74 +61 
* 1702 740 222 0 0 0 0 0 0 148 4
fe=(301)
691 222 148 74
-3 148 74 0 0 0 0 0 0 0 74 21
fi=(308)
197 20 0 20
+1 20 0 20
cfn=(2730)
calls=20 +71 
* 80 40 0 0 0 0 0 0 0 20 2
fe=(301)
695 20 20
fi=(308)
207 60 40 20
+1 20 0 20
cfn=(2730)
calls=20 +61 
* 80 40 0 0 0 0 0 0 0 20 20
fe=(301)
696 20 20
fi=(280)
993 20 20
fe=(301)
696 40 0 20
fi=(280)
993 80 20
fe=(301)
175 40 20 0 0 0 0 0 0 0 20
fi=(280)
993 635084 158771
fe=(301)
175 466542 307771 0 0 0 0 0 0 0 158771 9791
-1 149000
+1 149000
-1 149000 0 0 0 0 0 0 0 0 149000 92
+7 952 0 0 0 0 0 0 0 0 188
+2 129727 99790 0 0 8458 0 0 0 0 9979
fi=(308)
+9 670602
fe=(301)
654 670602 670602 0 0 204898 0 0 1367
fi=(308)
192 670602 0 670602
+1 670602 0 670602
cfn=(2730)
calls=670602 +76 
* 12434557 5447372 1539813 0 29375 0 0 325 0 1183873 157449
fe=(301)
680 670602 670602
fi=(308)
202 2011806 1341204 670602
+1 670602 0 670602
cfn=(2730)
calls=670602 +66 
* 12434557 5447372 1539813 0 0 0 0 0 0 1183873 435
fe=(301)
716 670602 0 670602
-53 670602 670602 0 0 249828 0 0 7334
fi=(308)
108 670602
fe=(301)
663 1341204 0 0 0 0 0 0 0 0 670602
-9 1341204
fi=(308)
177 50471 50471 0 0 43854 0 0 3607
-1 50471 50471
+3 100942 50471
-2 50471
-1 50471
+1 100942
+4 150649 0 0 0 0 0 0 0 0 50471 793
-4 347949 49707
-1 99414 49707
+1 49707
+6 99414 0 0 0 0 0 0 0 0 49707 21286
-6 7789100 1557820 0 0 22778 0 0 3921
-1 3115640 1557820
+1 1557820
+6 3115640 0 0 0 0 0 0 0 0 1557820 92461
+1 101309
+1 101309
-4 4822581 0 0 0 0 0 0 0 0 1607527 50046
fi=(319) /usr/include/c++/13/bits/move.h
+16 50471 50471
+1 151413 50471 100942
+1 50471 0 50471
fi=(308)
85 50471 50471
fe=(301)
636 100942 50471 0 0 0 0 0 0 0 50471
fi=(308)
104 353297 151413
fe=(301)
637 50471
+1 100942 50471 0 0 0 0 0 0 0 50471 445
fi=(308)
98 50471 50471
fe=(301)
644 50471
fi=(308)
98 151413 0 50471
fe=(301)
641 202648 50471 0 0 0 0 0 0 0 50471 27
fi=(308)
192 1528 0 764
+1 764 0 764
cfn=(2730)
calls=764 +76 
* 17572 7640 2292 0 133 0 0 4 0 1528
-1 316014 0 158007
+1 158007 0 158007
cfn=(2730)
calls=158007 +76 
* 3606421 1568390 469641 0 24302 0 0 793 0 314554 1851
fe=(301)
680 158771 158771
fi=(308)
202 476313 317542 158771
+1 158771 0 158771
cfn=(2730)
calls=158771 +66 
* 3623993 1576030 471933 0 0 0 0 0 0 316082 1678
fe=(301)
700 158771
fi=(304)
68 158771 158771 0 0 2761
fe=(301)
700 158771 0 0 0 0 0 0 0 0 158771 871
fi=(304)
68 324900 0 0 0 0 0 0 0 0 108300
-24 324900 108300 0 0 0 0 0 0 0 108300
+2 216600 108300 108300 0 101199 0 0 2307
fe=(301)
711 433200 324900 0 0 79539 0 0 1608
fi=(308)
89 108300 108300
fe=(301)
711 324900 0 108300
cfi=(308)
cfn=(2734)
calls=108300 38 
* 120295694 11991235 14382573 0 254225 225730 0 29911 18722 10367721 607254 43863 206
fi=(308)
133 108300 0 108300
fe=(301)
712 108300 0 108300
+1 108300 108300
fi=(308)
108 108300
fe=(301)
721 317542 0 0 0 0 0 0 0 0 158771 1286
fi=(308)
141 157485 157485
+1 157485
-1 157485 0 157485
+1 157485 0 157485
cfn=(2730)
calls=157485 269 
* 3622155 1574850 472455 0 0 0 0 0 0 314970 38
fe=(301)
743 157485 157485
fi=(321)
29 157485
fi=(280)
993 314970 314970
fi=(267)
506 157485 157485
fi=(280)
993 157485
fe=(301)
743 314970 157485 0 0 9
fi=(309)
278 314970
fi=(321)
29 944910 314970 157485 0 3432 48570
fi=(309)
278 314970
fi=(321)
29 472455 157485 157485 0 1454 39389
fi=(309)
278 314970
fi=(321)
29 472455 157485 157485 0 1200 39350
fi=(309)
278 314970
fi=(321)
29 472455 157485 157485 0 1501 39393
fi=(309)
278 314970
fi=(321)
29 472455 157485 157485 0 2461 39353
fi=(309)
278 314970
fi=(321)
29 472455 157485 157485 0 1738 39389
fi=(309)
278 314970
fi=(321)
29 472455 157485 157485 0 934 39350
fi=(309)
278 314970
fi=(321)
29 472455 157485 157485 0 1427 39393
fi=(309)
278 314970
fi=(321)
29 472455 157485 157485 0 1708 39353
fi=(309)
278 314970
fi=(321)
29 472455 157485 157485 0 1316 39389
fi=(309)
278 314970
fi=(321)
29 472455 157485 157485 0 1278 39350
fi=(309)
278 314970
fi=(321)
29 472455 157485 157485 0 651 39393
fi=(309)
278 314970
fi=(321)
29 472455 157485 157485 0 988 39353
fi=(309)
278 472455
fi=(321)
29 472455 0 157485 0 0 39389
fi=(309)
284 157485 157485
fi=(321)
29 629940 314970 314970 0 1764 78743
fi=(309)
284 4409580 314970
-1 157485 0 157485 0 0 19677
+1 2204790 157485
-1 157485 0 157485
+1 2204790 157485
-1 157485 0 157485 0 0 19676
+1 2362275 157485
-1 157485 0 157485
+1 2047305 157485
-1 157485 0 157485 0 0 19705
+1 157485 157485
fi=(280)
1283 314970 314970
fi=(309)
284 314970
-1 157485 0 157485
fi=(280)
1283 157485 0 0 0 0 0 0 0 0 157485
fi=(281)
191 157485 157485
fi=(280)
1288 157485
fi=(281)
191 157485 0 157485 0 0 6200 0 0 73
fi=(280)
1288 157485 0 157485
fe=(301)
750 157485 157485
181 157485 157485
750 316256 1286 157485
181 1286 1286
750 2572 0 1286
fi=(308)
104 3681048 1051728 0 0 3707 0 0 23
fe=(301)
637 525864
+1 1051728 0 0 0 0 0 0 0 0 525864 113750
fi=(308)
98 216600 108300 108300
fe=(301)
641 108300
fi=(308)
98 216600
fe=(301)
641 108300
fi=(308)
98 108300 0 108300
fe=(301)
641 108300 0 0 0 0 0 0 0 0 108300 1486
+3 848628 266307 0 0 42566 0 0 481 0 158007 57640
fi=(308)
176 156552
+5 156552 156552
-2 156552
-2 156552 156552 0 0 1523 0 0 20
-1 156552 156552
+1 156552
-1 156552
+1 313104
+4 469656 0 0 0 0 0 0 0 0 156552 1374
-4 1234328 154291 154291 0 1759 0 0 31
-1 308582 154291
+1 154291
+6 308582 0 0 0 0 0 0 0 0 154291 75989
-6 20051785 4010357 0 0 33738 0 0 2156
-1 8020714 4010357
+1 4010357
+6 8020714 0 0 0 0 0 0 0 0 4010357 373985
+1 406502
+1 406502
-4 12648235 154291 0 0 0 0 0 0 0 4164648 161307
fi=(319)
+16 154291 154291
+1 308582 154291 154291
+1 154291 0 154291
fi=(308)
-10 154291
fi=(319)
+8 2261 2261
+1 4522 2261 2261
+1 2261 0 2261
fi=(308)
-10 2261
fe=(301)
539 1497 1497
+4 4491 1497 0 0 0 0 0 0 0 1497
-1 5195 2201
+3 4402 0 0 0 0 0 0 0 0 2201 881
fi=(308)
125 5190 1038 0 0 127 0 0 5
fe=(301)
552 2076
+3 1038
-12 2076 0 0 0 0 0 0 0 0 1038 330
fi=(308)
98 2201
-17 2201 2201 0 0 1098 0 0 34
+17 4402 2201 0 0 10
fe=(301)
545 4402 0 0 0 0 0 0 0 0 2201
727 7716 2572 0 0 0 0 0 0 0 2572 3
-1 1286 1286
fi=(308)
141 1286 0 1286
+1 1286 0 1286
cfn=(2730)
calls=1286 269 
* 34722 11574 3858 0 0 0 0 0 0 5144 992
fe=(301)
731 6430 2572 0 0 0 0 0 0 0 1286
+3 1286 1286
fi=(308)
202 1286 1286
fe=(301)
732 1286 0 1286
fi=(308)
202 1286 0 1286
+1 1286 0 1286
cfn=(2730)
calls=1286 +66 
* 34722 11574 3858 0 0 0 0 0 0 5144 1285
fe=(301)
734 6795 6795
fi=(308)
202 6795 6795
fe=(301)
732 6795 0 6795
fi=(308)
202 6795 0 6795
+1 6795 0 6795
cfn=(2730)
calls=6795 +66 
* 133539 57240 16527 0 0 0 0 0 0 13148 2984
fe=(301)
735 40405 24243
-4 16162 0 0 0 0 0 0 0 0 8081
fi=(280)
993 2572 1286
fe=(301)
532 3858 1286 0 0 0 0 0 0 0 1286
fi=(308)
121 14970 2994
fe=(301)
534 5988 0 0 0 0 0 0 0 0 2994
fi=(308)
156 1497 0 1497
+1 2994 0 1497
cfn=(2730)
calls=1497 269 
* 40419 13473 4491 0 0 0 0 0 0 5988 71
fe=(301)
532 6832 3416 0 0 0 0 0 0 0 1708
fi=(308)
85 334 334
fe=(301)
558 668 0 0 0 0 0 0 0 0 334 157
+4 422 0 0 0 0 0 0 0 0 211
fi=(304)
68 50471
fe=(301)
701 50471 50471
fi=(304)
68 100942 0 0 0 0 0 0 0 0 50471
-24 151413 50471 0 0 0 0 0 0 0 50471
+2 100942 50471 50471 0 47297 0 0 1127
+1 50471
fi=(308)
156 211 0 211
+1 422 0 211
cfn=(2730)
calls=211 269 
* 5697 1899 633 0 0 0 0 0 0 844 186
+1 211
fe=(301)
703 151413 100942
fi=(308)
89 50471 50471
fe=(301)
703 201884 50471 50471
cfi=(308)
cfn=(2734)
calls=50471 38 
* 55713121 5530091 6576807 0 166743 122785 0 15168 6675 4881422 322476
fi=(308)
137 100942 50471 50471
fe=(301)
704 100942 50471 50471
+1 50471 50471
fi=(308)
108 50471
fe=(301)
705 50471
fi=(280)
993 9787 9787
fe=(301)
181 29361 9787 0 0 0 0 0 0 0 9787
-22 19574
+70 7136
+1 14272
+33 7136
+1 14272
163 182 91 0 0 56 0 0 0 0 91
+18 39160 9791 0 0 0 0 0 0 0 9791 4

fn=(2806)
211 65 5 30
fi=(304)
68 10 5 0 0 0 0 0 0 0 5
-24 15 5 0 0 0 0 0 0 0 5
+2 10 5 5
fi=(308)
-13 15 5 5 0 4 1
+2 10
-2 15 0 10
fi=(323)
+68 5 0 5
fi=(308)
-68 5 0 5
+2 5 0 5
-2 10 0 10
+2 10 0 5
cfi=(309)
cfn=(2592)
calls=5 340 
* 5351 394 546 0 4 0 0 3 0 492 26
fe=(301)
213 10 5 5
+2 50 40 0 0 0 0 0 0 0 5 5

fn=(2782)
116 1248 96 576 0 0 96
+3 192 96 0 0 0 0 0 0 0 96 76
508 21 21
fi=(308)
284 21
137 21 0 21
284 21 0 21
fe=(301)
517 21
121 96 96
fi=(267)
506 96
fi=(321)
29 96
fi=(267)
506 96 96 0 0 32 0 0 8
fi=(309)
278 192
fi=(321)
29 576 192 96 0 10 96
fi=(309)
278 192
fi=(321)
29 288 96 96 0 1
fi=(309)
278 192
fi=(321)
29 288 96 96 0 2
fi=(309)
278 192
fi=(321)
29 288 96 96 0 2 96
fi=(309)
278 192
fi=(321)
29 288 96 96 0 8
fi=(309)
278 192
fi=(321)
29 288 96 96 0 4
fi=(309)
278 192
fi=(321)
29 288 96 96 0 2
fi=(309)
278 192
fi=(321)
29 288 96 96 0 6 94
fi=(309)
278 192
fi=(321)
29 288 96 96 0 1
fi=(309)
278 192
fi=(321)
29 288 96 96 0 3
fi=(309)
278 192
fi=(321)
29 288 96 96 0 2
fi=(309)
278 192
fi=(321)
29 288 96 96 0 4 95
fi=(309)
278 192
fi=(321)
29 288 96 96 0 2
fi=(309)
278 288
fi=(321)
29 576 192 192 0 7
fi=(309)
284 96 96
fi=(321)
29 96 0 96 0 0 95
fi=(309)
284 2592 192
-1 96 0 96
+1 1344 96
-1 96 0 96
+1 1344 96
-1 96 0 96
+1 1440 96
-1 96 0 96
+1 1152 96
-1 96 0 96
+1 384 96
fi=(321)
59 96
fi=(309)
283 96 0 96
fi=(321)
59 1152 0 1152 0 0 605 0 0 1
fe=(301)
+68 480 288 0 0 0 0 0 0 0 96
+5 768 0 0 0 0 0 0 0 0 384
+4 480 240 0 0 0 0 0 0 0 144 2
328 192 96 0 1 0 0 1 0 0 48
-1 48
-1 48
+2 5733 0 0 0 0 0 0 0 0 1879 107
fi=(308)
104 1879
fe=(301)
329 1879
fi=(308)
104 9395 1879 0 1 63 0 1
fe=(301)
329 3758 0 0 0 0 0 0 0 0 1879
fi=(308)
98 1879 1879
fe=(301)
330 1879
fi=(308)
98 3758
fe=(301)
506 96 0 0 1 0 0 1 0 0 48 15
+4 11 11
fi=(308)
284 22 11
133 11 0 11
284 11 0 11
fe=(301)
517 33 0 11 0 0 11
cfi=(308)
cfn=(2790)
calls=11 23 
* 484062 166030 97913 0 24874 18353 0 2462 1461 86479 7794
* 111 0 37 0 0 37
cfi=(308)
cfn=(2790)
calls=37 23 
* 779735 267068 157645 0 38881 29968 0 3114 1995 139239 12621
fi=(304)
68 96 48 0 0 0 0 0 0 0 48 23
-6 192 96 96 0 0 85
+1 96 0 96
fe=(301)
520 96 0 96 0 0 86
-2 288 0 96 0 0 21
142 1056 768 0 0 257 0 0 0 0 96 28
517 96 0 48
cfi=(308)
cfn=(2790)
calls=48 23 
* 2791701 958536 564960 0 145099 109346 0 13552 8370 499045 42863
fi=(304)
68 96 48 0 0 0 0 0 0 0 48 11
fe=(301)
508 37 37 0 1 0 0 1
fi=(308)
284 37
137 37 0 37
284 37 0 37
fe=(301)
517 37
-50 96 0 0 1 0 0 1 0 0 48 2
-9 48
+1 48
+1 48
-4 48
+1 96
+25 1871 1871 0 0 834 0 0 190
-15 7436 0 0 0 0 0 0 0 0 1871 48
+1 5613 1871 0 1 1781 0 1 446 0 1871 45
+2 9160 1832 0 0 0 0 0 0 0 3664 96
fi=(308)
73 1832 1832
fe=(301)
473 5436 0 0 0 0 0 0 0 0 3604 72
fi=(308)
81 60 60
fe=(301)
476 60
+2 60
-1 120
+7 96 0 0 1 0 0 1 0 0 48
+1 96 0 48
+2 96 0 0 0 0 0 0 0 0 48 3
327 48
+1 192 96 0 0 0 0 0 0 0 48
-1 48
-1 48
+2 5934 0 0 0 0 0 0 0 0 1946 133
fi=(308)
104 1946
fe=(301)
329 1946
fi=(308)
104 9730 1946 0 0 74
fe=(301)
329 3892 0 0 0 0 0 0 0 0 1946 93
fi=(308)
98 1946 1946
fe=(301)
330 1946
fi=(308)
98 3892
fe=(301)
398 48
+2 48
-1 48
+1 48 0 0 0 0 0 0 0 0 48
+5 1363 1363 0 0 516 0 0 22
-5 2726 0 0 0 0 0 0 0 0 1363 55
+2 2726 1363 0 0 1162 0 0 44 0 1363 7
fi=(308)
73 1356 1356
fe=(301)
403 2712
+7 96 0 0 0 0 0 0 0 0 48
-3 96 48
+1 48
-1 96
+6 2726 1363 0 0 0 0 0 0 0 1363 7
+5 7 7
-7 14 0 0 0 0 0 0 0 0 7
+11 96 0 0 0 0 0 0 0 0 48
+12 192 48 48 0 0 48
cfi=(299) /usr/include/c++/13/bits/random.tcc
cfn=(2394) std::mersenne_twister_engine<unsigned long, 32ul, 624ul, 397ul, 31ul, 2567483615ul, 11ul, 4294967295ul, 7ul, 2636928640ul, 15ul, 4022730752ul, 18ul, 1812433253ul>::operator()()
calls=48 +24 
* 1104 144 48 0 96 0 0 20 0 48
* 48
+1 48
-1 48
+2 307
+4 518 259 0 0 0 0 0 0 0 259 38
fi=(308)
73 257 257
fe=(301)
441 257
+1 514 0 0 0 0 0 0 0 0 257 49
+6 211 211
-10 633 0 0 0 0 0 0 0 0 211
+72 27 27
fi=(308)
284 54 27
133 27 0 27
284 27 0 27
fe=(301)
517 27
415 1356 1356
-1 2712 2712
+1 1356
-4 1356
+4 1356
-1 1356 0 1356
-3 1404 0 0 0 0 0 0 0 0 1356 48
+95 48
fi=(308)
81 48 48
fe=(301)
506 123 0 0 0 0 0 0 0 0 48

fl=(299)
fn=(2394)
458 48 48 0 0 48
-5 48
+5 96 0 0 0 0 0 0 0 0 48
+4 144 48 48 0 48 0 0 20
+1 192
+1 192
+1 192
+1 144
+3 48 48

ob=(2)
fl=(264)
fn=(2024)
cfi=(269) ./csu/../sysdeps/nptl/libc_start_call_main.h
cfn=(2052) (below main)
calls=0 29 
360 1164426882 221712232 71124224 7 5707038 2103038 7 142440 58169 115977651 4729562 54163 206

fl=(243)
fn=(1900)
255 43863
+1 43863
+6 43863
+1 43863 0 0 0 0 0 0 0 0 43863 78
+2 9314 9314 0 0 4073 0 0 70
+1 9314
+1 9314 0 0 0 0 0 0 0 0 9314 269
+3 7520 7520
+1 7520 0 7520 0 0 4716 0 0 1310
+1 7520 0 7520 0 0 3496 0 0 771
+3 15040 7520
+30 34549
+1 34549 0 0 0 0 0 0 0 0 34549
+2 17790
+1 17790 0 0 0 0 0 0 0 0 17790
+33 16759 16759 0 0 2653 0 0 36
+1 16759 16759
+1 16759 0 16759 0 0 6144 0 0 1048
+1 16759 0 16759 0 0 3955 0 0 1510
+2 16759 16759
+17 17790 17790
+1 17790 17790
+1 17790 0 17790 0 0 6798 0 0 1105
+1 17790 0 17790 0 0 2016 0 0 59
+1 17790 17790
+7 1794 1794
+1 1794 1794
+1 1794 0 1794 0 0 592 0 0 220
+1 1794 0 1794 0 0 847 0 0 367
+1 1794 0 1794 0 0 1794 0 0 764
+1 1794 0 1794
+1 3588 1794
+5 1794 1794 0 0 1614
+1 1794 0 0 0 0 0 0 0 0 1794
+5 1794
+1 1794 0 0 0 0 0 0 0 0 1794 207
+2 1794 1794 0 0 785 0 0 4
+1 1794
+1 1794 0 0 0 0 0 0 0 0 1794

fl=(269)
fn=(2052)
cob=(11)
cfi=(266)
cfn=(2060)
calls=0 78 
58 1164426882 221712232 71124224 7 5707038 2103038 7 142440 58169 115977651 4729562 54163 206

totals: 1164426882 221712232 71124224 7 5707038 2103038 7 142440 58169 115977651 4729562 54163 206
