# callgrind format
version: 1
creator: callgrind-3.22.0
pid: 801880
cmd:  /home/max/projects/corintho-ai/bench/results/long-profile-2026-09-23/bin/selfplay_nn - /home/max/projects/corintho-ai/bench/results/long-profile-2026-09-23/model.mlp 48 1600 16 1 901
part: 9


desc: I1 cache: 65536 B, 64 B, 8-way associative
desc: D1 cache: 32768 B, 64 B, 8-way associative
desc: LL cache: 25165824 B, 64 B, 12-way associative

desc: Timerange: Basic block 6022655863 - 6692196598
desc: Trigger: dump

positions: line
events: Ir Dr Dw I1mr D1mr D1mw ILmr DLmr DLmw Bc Bcm Bi Bim
summary: 833192393 171867211 56891515 0 4884384 2059718 0 263874 157222 83294612 6960774 69452 280


ob=(9) /usr/lib/x86_64-linux-gnu/libstdc++.so.6.0.33
fl=(222) ???
fn=(2076) operator new(unsigned long)
0 11 0 3
cob=(4) ???
cfi=(178) ???
cfn=(1534) 0x0000000004ca7210
calls=1 0 
0 325 59 40 0 17 3 0 5 1 61 13 1 1
0 5 3 0 0 0 0 0 0 0 1

fn=(2148) operator new[](unsigned long)
0 2
cob=(4)
cfi=(178)
cfn=(2072) 0x0000000004ca6cc0
calls=1 0 
0 343 63 43 0 18 3 0 6 1 62 13 2 1

fn=(2230) operator delete(void*)
0 12
cob=(4)
cfi=(178)
cfn=(2232) 0x0000000004ca7c60
calls=6 0 
0 990 288 180 0 90 3 0 2 0 156 19 6

fn=(2286) operator delete[](void*)
0 12
cob=(4)
cfi=(178)
cfn=(2226) 0x0000000004ca7430
calls=6 0 
0 1014 294 180 0 96 3 0 4 0 156 19 12 6

ob=(1) /usr/lib/x86_64-linux-gnu/ld-linux-x86-64.so.2
fl=(1) ???
fn=(0) 0x000000000001f540
cob=(11) /home/max/projects/corintho-ai/bench/results/long-profile-2026-09-23/bin/selfplay_nn
cfi=(263) ???
cfn=(2022) (below main)
calls=0 0 
0 833192393 171867211 56891515 0 4884384 2059718 0 263874 157222 83294612 6960774 69452 280

ob=(4)
fl=(178)
fn=(2072)
0 2 1 0 0 1 0 0 1 0 0 0 1
cob=(9)
cfi=(222)
cfn=(2076)
calls=1 0 
0 341 62 43 0 17 3 0 5 1 62 13 1 1

fn=(2212) 0x000000000010a520
0 2 1 0 0 1 0 0 0 0 0 0 1
cob=(2) /usr/lib/x86_64-linux-gnu/libc.so.6
cfi=(211) ./string/../sysdeps/x86_64/multiarch/memset-vec-unaligned-erms.S
cfn=(750) __memset_avx2_unaligned_erms
calls=273 158 
0 65553 2 65536 0 2 1024 0 0 1023 65540 3

fn=(2226)
0 12 6 0 0 6 0 0 2 0 0 0 6 6
cob=(9)
cfi=(222)
cfn=(2230)
calls=6 0 
0 1002 288 180 0 90 3 0 2 0 156 19 6

fn=(2610) 0x000000000010a810
0 26112 13056 0 0 9611 0 0 0 0 0 0 13056 1
cob=(8) /usr/lib/x86_64-linux-gnu/libgomp.so.1.0.0
cfi=(188) ???
cfn=(2612) GOMP_loop_ull_dynamic_next
calls=13056 0 
0 324768 104448 38624 0 32604 0 0 0 0 52224 3892

fn=(2078) 0x000000000010a590
0 111660 55830 0 0 6336 0 0 0 0 0 0 55830 272
cob=(2)
cfi=(243) ./string/../sysdeps/x86_64/multiarch/memmove-vec-unaligned-erms.S
cfn=(1900) __memcpy_avx_unaligned_erms
calls=55830 255 
0 688042 172659 115106 0 9403 35908 0 303 12345 139913 1000

fn=(2402) 0x000000000010a450
0 2 1 0 0 1 0 0 1 0 0 0 1
cob=(9)
cfi=(222)
cfn=(2148)
calls=1 0 
0 345 63 43 0 18 3 0 6 1 62 13 2 1

fn=(2452) 0x000000000010a6e0
cob=(8)
cfi=(188)
cfn=(2454) GOMP_parallel
calls=544 0 
0 833192393 171867211 56891515 0 4884384 2059718 0 263874 157222 83294612 6960774 69452 280

fn=(1534)
0 2 1 0 0 1 0 0 1 0 0 0 1 1
cob=(2)
cfi=(202) ./malloc/./malloc/malloc.c
cfn=(704) malloc
calls=1 3294 
0 323 58 40 0 16 3 0 4 1 61 13

fn=(2530) 0x000000000010a5e0
0 544 272 0 0 0 0 0 0 0 0 0 272
cob=(8)
cfi=(188)
cfn=(2532) GOMP_loop_ull_dynamic_start
calls=272 0 
0 40256 11152 10064 0 0 272 0 0 0 4896 1099

fn=(2616) 0x000000000010a4f0
0 544 272 0 0 272 0 0 0 0 0 0 272
cob=(8)
cfi=(188)
cfn=(2618) GOMP_loop_end_nowait
calls=544 0 
0 10608 4080 2448 0 544 544 0 0 0 1632 389

fn=(2232)
0 12 6 0 0 6 0 0 2 0 0 0 6
cob=(2)
cfi=(202)
cfn=(1948) free
calls=6 3359 
0 978 282 180 0 84 3 0 0 0 156 19

fn=(2822) 0x000000000010a680
0 12 6 0 0 6 0 0 0 0 0 0 6
cob=(9)
cfi=(222)
cfn=(2286)
calls=6 0 
0 1026 294 180 0 96 3 0 4 0 156 19 12 6

ob=(8)
fl=(188)
fn=(2532)
0 11152 2448 3264 0 0 0 0 0 0 1088 433
cfn=(2534) 0x0000000000024750
calls=272 0 
0 15232 4624 4624 0 0 272 0 0 0 1360 125
0 13872 4080 2176 0 0 0 0 0 0 2448 541

fn=(2612)
0 324768 104448 38624 0 32604 0 0 0 0 52224 3892

fn=(2534)
0 8432 1904 2448 0 0 0 0 0 0 1088 125
cfn=(2504) 0x0000000000024680
calls=544 0 
0 4624 1088 1904 0 0 272 0 0 0 272
0 2176 1632 272

fn=(2454)
cob=(11)
cfi=(298) /home/max/projects/corintho-ai/bench/../corintho_ai/cpp/src/trainer.cpp
cfn=(2528) Trainer::doIteration(float*, float*, int) [clone ._omp_fn.0]
calls=272 206 
0 833192393 171867211 56891515 0 4884384 2059718 0 263874 157222 83294612 6960774 69452 280

fn=(2504)
0 4624 1088 1904 0 0 272 0 0 0 272

fn=(2618)
0 10608 4080 2448 0 544 544 0 0 0 1632 389

ob=(11)
fl=(266) /home/max/projects/corintho-ai/bench/selfplay_nn.cpp
fn=(2060) main
fi=(298)
cob=(4)
cfi=(178)
cfn=(2452)
calls=272 0 
206 833192393 171867211 56891515 0 4884384 2059718 0 263874 157222 83294612 6960774 69452 280
fe=(266)

fl=(308) /home/max/projects/corintho-ai/bench/../corintho_ai/cpp/src/node.cpp
fn=(2730) Node::syncStats()
269 12242490 4080830 0 0 41429 0 0 2126 0 4080830 193351
+2 3545331 3545331 0 0 316863
+5 7090662 7090662
-3 10635993 7090662 0 0 316991
+1 3545331
+2 3545331 0 3545331 0 0 351240 0 0 1547
-2 3545331
+3 14181324 3545331 3545331 0 0 176605 0 0 1026
112 3545331 3545331
279 7497066 838 0 0 0 0 0 0 0 3707609 64076
-1 838
+1 838
-1 838 0 838 0 0 32 0 0 4
+3 536337 536337
-2 3464063 3464063
-1 6928126 0 3464063 0 0 156480 0 0 3812
+3 3464063 3464063
-3 160860 0 80430 0 0 3805 0 0 641
+3 80430 80430

fn=(2734) Node::Node(Game const&, Node*, Node*, int, int)
38 348306 0 174153
+2 174153
fi=(309) /home/max/projects/corintho-ai/bench/../corintho_ai/cpp/src/game.cpp
307 174153
fe=(308)
40 174153
fi=(309)
305 174153
fe=(308)
38 1393224 0 870765
+2 174153 174153 0 0 47437 0 0 2595
-2 522459 174153 174153 0 1112
fi=(323) /home/max/projects/corintho-ai/bench/../gsl/include/gsl/util
+63 174153 0 174153 0 0 126246 0 0 21675
fi=(309)
297 174153
fe=(308)
40 522459 174153 348306
+2 174153
fi=(309)
305 174153
+2 174153 174153 0 0 16487
fe=(308)
42 348306 0 348306
fi=(309)
307 174153
+1 174153 174153
fe=(308)
42 348306 0 348306
fi=(323)
+59 174153 0 174153
fe=(308)
-59 348306 0 348306
fi=(309)
308 174153 0 0 0 0 0 0 0 0 174153 33703
+2 725155 290062
+1 145031
-1 145031
+1 145031 145031 290062 0 0 1194
-1 145031 0 145031
+13 145031
fe=(308)
45 145031
fi=(309)
323 290062 145031 435093
+4 435093 0 145031
fe=(308)
45 145031 0 145031 0 0 2
cfi=(309)
cfn=(2592) Node::initializeEdges()
calls=145031 340 
* 104560494 8856066 8983819 0 266598 127118 0 32391 4129 8011755 1026789
fi=(309)
323 29122
fe=(308)
45 29122
fi=(309)
323 58244 29122 87366 0 0 221
+4 87366 0 29122
fe=(308)
45 29122 0 29122
cfi=(309)
cfn=(2592)
calls=29122 340 
* 20679766 1697880 1819736 0 44721 26486 0 6724 832 1556852 195835
+3 174153 174153
225 174153 174153
+1 696612 348306 0 0 0 0 0 0 0 174153 76864
+38 94025 94025
-1 188050 0 94025
+1 188050 0 94025 0 0 189 0 0 109
48 94025 0 94025
+1 282075 188050 0 0 0 0 0 0 0 94025 323
263 160256 0 80128
+1 160256 0 80128
48 80128 0 80128 0 0 1
+1 240384 160256 0 0 1 0 0 0 0 80128
+1 174153
-1 174153
+1 1044918 1044918 0 0 1
-1 174153
cfn=(2730)
calls=174153 269 
* 4063642 1727096 522459 0 1 42546 0 0 7030 377303 16452
fi=(309)
313 29122 29122
+6 29122
-6 29122
+6 58244
-1 58244
+2 29122
-10 29122 29122
+10 58244
fe=(308)
-84 80128
+6 80128 80128
-4 344810 0 0 0 0 0 0 0 0 80128 22116
fi=(304) /home/max/projects/corintho-ai/bench/../corintho_ai/cpp/include/arena.h
68 123036 61518 0 0 0 0 0 0 0 61518
fe=(308)
238 33774
fi=(304)
68 37220 18610 0 0 0 0 0 0 0 18610
fi=(320) /home/max/projects/corintho-ai/bench/../corintho_ai/cpp/include/node.h
191 80128
fi=(304)
90 80128
fi=(320)
192 80128
-1 80128 0 80128
+1 160256
fi=(304)
89 160256 0 0 0 0 0 0 0 0 80128 2210
+3 74440
-48 400640 80128 0 0 0 0 0 0 0 80128 5
+2 80026 80026 0 0 78776 0 0 2280
fe=(308)
246 80026
fi=(304)
46 80026 0 80026
fe=(308)
246 80026 0 0 0 0 0 0 0 0 80026
+14 80128 0 80128
+3 80128 80128
fi=(323)
101 160256 0 80128
fe=(308)
239 37220 0 0 0 0 0 0 0 0 18610 8460
+1 26549 0 0 0 0 0 0 0 0 7068 2062
fi=(304)
49 408 0 102
+1 306 102 0 0 0 0 0 0 0 102 1
+2 101 101 0 0 92
+1 101 101
+1 101
-1 101
fe=(308)
246 101
fi=(304)
53 101 0 101
+1 101 0 101
fe=(308)
246 101 0 0 0 0 0 0 0 0 101
fi=(304)
53 1 1
+1 1
-1 1
fe=(308)
246 1
fi=(304)
53 1 0 1
+1 1 0 1 0 0 1
fe=(308)
246 1 0 0 0 0 0 0 0 0 1
+3 18610 18610 0 0 1
-1 18610 18610
fi=(321) /usr/include/x86_64-linux-gnu/bits/string_fortified.h
29 18610
fe=(308)
250 18610
fi=(321)
29 18610
fe=(308)
250 18610 0 18610
fi=(321)
29 37220 0 37220
cob=(4)
cfi=(178)
cfn=(2078)
calls=18610 -29 
* 266228 79609 40666 0 15737 10753 0 303 5326 42389 689 18610 272
fe=(308)
252 18610 18610
-1 18610 18610
+1 18610
fi=(321)
29 18610
fe=(308)
251 18610 18610
+1 37220 0 18610
-1 55830 0 18610
fi=(321)
29 18610
fe=(308)
252 18610 0 18610
-1 18610 0 18610
fi=(321)
29 37220 0 37220
cob=(4)
cfi=(178)
cfn=(2078)
calls=18610 -29 
* 266737 74440 37220 0 1 16327 0 0 4947 48762 311 18610
fe=(308)
254 18610 18610
fi=(321)
29 37220 18610
fe=(308)
253 18610 18610
+1 37220
-1 37220
fi=(321)
29 37220 0 37220
cob=(4)
cfi=(178)
cfn=(2078)
calls=18610 -29 
* 266737 74440 37220 0 1 8828 0 0 2072 48762 0 18610
fe=(308)
257 18610 18610
fi=(321)
29 74440 55830
fe=(308)
256 18610
+1 18610
fi=(321)
29 112688 18610 0 0 0 0 0 0 0 47039
fi=(320)
192 55830
fi=(304)
68 37220 18610 0 0 0 0 0 0 0 18610 5639
+22 18610
-1 37220 0 0 0 0 0 0 0 0 18610
+3 28272
-30 28272 7068 7068
+1 14136 0 7068
-1 46168 11542 11542
+1 23084 0 11542
fi=(321)
-34 20676 3446 3446 0 0 923 0 0 518 1723 274
fe=(308)
239 23084
fi=(277) /usr/include/c++/13/bits/unique_ptr.h
1085 2 0 1
cob=(4)
cfi=(178)
cfn=(2402)
calls=1 0 
* 347 64 43 0 19 3 0 7 1 62 13 3 1
* 4 0 1
cob=(4)
cfi=(178)
cfn=(2212)
calls=1 0 
* 65555 3 65536 0 3 1024 0 0 1023 65540 3 1
176 1 0 1 0 0 1
fi=(282) /usr/include/c++/13/bits/vector.tcc
-62 3 2 0 0 1 0 0 0 0 1 1
fi=(307) /usr/include/c++/13/tuple
302 1 0 1 0 0 1
fi=(282)
119 2 0 1
fi=(277)
+80 1 1
fi=(304)
79 2
fi=(321)
-50 107519 33774 33774 0 0 8960 0 0 2338 11542
fe=(308)

fn=(2790) Node::~Node()
23 1128 0 846
+1 282 282 0 0 1
-1 282
+1 564 0 0 0 0 0 0 0 0 282 6
fi=(304)
+44 552 276 0 0 13 0 0 0 0 276
fi=(320)
191 276 276 0 0 152 0 0 31
fe=(308)
25 276 276
fi=(320)
192 828
fi=(304)
59 552 0 0 0 0 0 0 0 0 276 78
+31 276
-1 552 0 0 0 0 0 0 0 0 276 118
+3 960
-30 960 240 240 0 0 238 0 0 34
+1 240 0 240
fe=(308)
-37 720 240 0 0 0 0 0 0 0 240
fi=(304)
+36 144 36 36 0 0 26 0 0 2
+1 36 0 36
fe=(308)
-37 108 36 0 0 0 0 0 0 0 36
fi=(304)
+42 552 276 0 0 0 0 0 0 0 276
-6 552 276 276 0 0 162 0 0 30
+1 276 0 276
fe=(308)
-35 846 282 0 0 35 0 0 8 0 282 151
+1 1382 282 268 0 0 0 0 0 0 282 6
cfn=(2791) Node::~Node()'2
calls=268 -6 
* 8508306 2903589 1727510 0 441261 324323 0 155763 105620 1513419 173048
fi=(304)
+39 536 268 0 0 0 0 0 0 0 268
-6 536 268 268 0 0 180 0 0 30
+1 268 0 268
fe=(308)
-33 1128 1128 0 0 102

fn=(2791)
23 808752 0 606564 0 0 3423 0 0 15
+1 202188 202188 0 0 199124 0 0 70506
-1 202188
+1 404376 0 0 0 0 0 0 0 0 202188 13773
fi=(304)
+44 379498 189749 0 0 0 0 0 0 0 189749
fi=(320)
191 189749 189749 0 0 189472 0 0 70913
fe=(308)
25 189749 189749
fi=(320)
192 569247
fi=(304)
59 379498 0 0 0 0 0 0 0 0 189749 51272
+31 67844
-1 135688 0 0 0 0 0 0 0 0 67844 14257
+3 52712
-30 52712 13178 13178 0 0 13170 0 0 3682
+1 13178 0 13178
fe=(308)
-37 39534 13178 0 0 0 0 0 0 0 13178
fi=(304)
+36 218664 54666 54666 0 0 54599 0 0 17634
+1 54666 0 54666
fe=(308)
-37 163998 54666 0 0 0 0 0 0 0 54666
fi=(304)
+42 379498 189749 0 0 0 0 0 0 0 189749
-6 379498 189749 189749 0 0 189562 0 0 63599
+1 189749 0 189749
fe=(308)
-35 874716 202188 134076 0 46474 1193 0 14344 0 202188 61964
cfn=(2791)
calls=134076 -5 
* 114252676 39322846 23082316 0 6019520 4313872 0 2093796 1366974 20379076 2299784
fi=(304)
+40 268152 134076 0 0 0 0 0 0 0 134076 445
-6 268152 134076 134076 0 0 41576 0 0 14074
+1 134076 0 134076
fe=(308)
-34 742252 202188 67844 0 3835 93 0 0 0 202188 31337
cfn=(2791)
calls=67844 -6 
* 24685146 8512718 4936440 0 1316906 910369 0 446867 286850 4408720 528380
fi=(304)
+39 135688 67844 0 0 0 0 0 0 0 67844
-6 135688 67844 67844 0 0 20707 0 0 6616
+1 67844 0 67844
fe=(308)
-33 808752 808752 0 0 2356

fl=(298)
fn=(2528)
206 2720 0 1632
fi=(280) /usr/include/c++/13/bits/stl_vector.h
993 272
fe=(298)
206 2448 1088 272
fi=(280)
993 816 544 272
fe=(298)
206 544 272 272
fi=(280)
993 816
fe=(298)
206 272 0 272
fi=(280)
992 1088 0 816
cob=(4)
cfi=(178)
cfn=(2530)
calls=272 0 
* 40800 11424 10064 0 0 272 0 0 0 4896 1099 272
* 1360 544 272 0 0 0 0 0 0 272
cob=(4)
cfi=(178)
cfn=(2616)
calls=272 0 
* 11152 4352 2448 0 816 544 0 0 0 1632 389 272
fe=(298)
206 42160 28560 13056 0 7725 0 0 0 0 272 33
cob=(4)
cfi=(178)
cfn=(2610)
calls=13056 0 
* 350880 117504 38624 0 42215 0 0 0 0 52224 3892 13056 1
* 104448 26112 0 0 0 0 0 0 0 26112 8592
+2 39168 26112 0 0 15271 0 0 0 0 13056 3449
fi=(280)
993 30114 20076 0 0 7905
fe=(298)
214 10038 10038
fi=(280)
993 30114
fi=(268) /usr/include/c++/13/bits/stl_algobase.h
262 20076 0 0 0 0 0 0 0 0 10038
fe=(298)
-46 10038 10038
-2 20076 0 0 0 0 0 0 0 0 10038
+5 10038 10038 0 0 7602
fi=(280)
1129 10038
fe=(298)
218 10038 10038
+1 20076
fi=(280)
1129 10038
fe=(298)
219 10038
-1 30114 10038
fi=(300) /home/max/projects/corintho-ai/bench/../corintho_ai/cpp/src/selfplayer.cpp
-95 50190 10038 10038 0 9764
cfi=(301) /home/max/projects/corintho-ai/bench/../corintho_ai/cpp/src/trainmc.cpp
cfn=(2556) TrainMC::doIteration(float*, float*)
calls=10038 +21 
* 817852204 167512281 54718952 0 4318366 1719119 0 98529 49400 81055657 6717763 55207 270
+2 20076 0 0 0 0 0 0 0 0 10038 4
+1 240 0 120
cfn=(2776) SelfPlayer::chooseMoveAndContinue()
calls=120 253 
* 14449645 4058108 2094399 0 474717 339780 0 165345 107822 2110257 225551 645 9
fe=(298)
+95 240 0 0 0 0 0 0 0 0 120 2
+1 18 6 6 0 3 3

fl=(263)
fn=(2022)
cob=(2)
cfi=(264) ./csu/../csu/libc-start.c
cfn=(2024) __libc_start_main@@GLIBC_2.34
calls=0 242 
0 833192393 171867211 56891515 0 4884384 2059718 0 263874 157222 83294612 6960774 69452 280

fl=(300)
fn=(2780) SelfPlayer::chooseMove() [clone .part.0]
241 1656 138 966
+5 966 138 138 0 0 124
cfi=(301)
cfn=(2782) TrainMC::chooseMove(float*, float*)
calls=138 116 
* 4667247 1572895 929986 0 238346 176126 0 56911 38068 828904 94128
fi=(282)
114 276 276 0 0 108
fe=(300)
246 138
fi=(282)
114 552 276 0 0 215 0 0 0 0 138 21
+5 4416 2070 2208 0 761 958
fi=(326) /home/max/projects/corintho-ai/bench/../corintho_ai/cpp/include/selfplayer.h
-97 7038 3450 3588 0 106 1765 0 0 1395
fi=(282)
+97 276 0 138
fe=(300)
251 1656 1242 0 0 110 0 0 0 0 138 79

fn=(2776)
253 1440 120 840
+5 120
fi=(277)
-59 120 120 0 0 64 0 0 13
fe=(300)
+60 240 0 0 0 0 0 0 0 0 120
fi=(277)
-60 18 18 0 0 1
fe=(300)
+60 36 0 0 0 0 0 0 0 0 18
+4 1059 445 0 0 14 0 0 0 0 169 10
fi=(280)
993 24 12
fe=(300)
264 12 0 6
-22 276 138 0 0 23 0 0 2 0 138
fi=(277)
-43 138 138 0 0 28
fe=(300)
+68 276 0 0 0 0 0 0 0 0 138
+4 828 414 0 0 136
fi=(308)
108 138
fe=(300)
271 276 0 0 0 0 0 0 0 0 138 4
+5 396 0 132
+2 924 132 0 0 116 0 0 10 0 132
+8 264 264 0 0 127 0 0 28
fi=(301)
-97 264 0 0 0 0 0 0 0 0 132
-2 132
+1 264
+7 363 363 0 0 176 0 0 65
-6 1452 0 0 0 0 0 0 0 0 363
fi=(308)
81 363 363 0 0 361 0 0 107
fi=(301)
190 726 0 0 0 0 0 0 0 0 363 117
fi=(308)
81 132 132 0 0 131 0 0 40
fi=(301)
190 264 0 0 0 0 0 0 0 0 132 91
506 264 0 0 0 0 0 0 0 0 132 1
+4 92 92
+1 92 92 0 0 46 0 0 13
fi=(308)
133 184 0 92
284 276 0 92
fi=(301)
517 276 0 184 0 0 81
cfi=(308)
cfn=(2790)
calls=92 23 
* 3389900 1156131 688294 0 176599 128863 0 86375 58756 602881 69833
fi=(308)
133 40
284 120 0 40
fi=(301)
517 120 0 80 0 0 28
cfi=(308)
cfn=(2790)
calls=40 23 
* 582220 199032 118034 0 30566 21802 0 13246 8880 103655 10961
fi=(304)
68 396 264 0 0 102 0 0 0 0 132
-6 264 132 132 0 0 112 0 0 20
fi=(301)
518 132
fi=(304)
63 132 0 132
fi=(301)
518 132
+2 132 0 132 0 0 111 0 0 7
fe=(300)
294 264
fi=(301)
518 132 0 132 0 0 26
fe=(300)
294 660 132 132 0 103
cfi=(301)
cfn=(2556)
calls=132 144 
* 5772521 1116630 347917 0 26000 9683 0 8511 684 571475 50223 627 3
-36 264 0 0 0 0 0 0 0 0 132
+39 114
+1 1320 1080 0 0 225 0 0 0 0 120 3
fi=(325) /home/max/projects/corintho-ai/bench/../corintho_ai/cpp/src/move.cpp
21 276 0 138
cfi=(300)
cfn=(2780)
calls=138 241 
* 4684221 1580485 937024 0 239646 178973 0 56911 39463 829180 94228
* 276
fi=(301)
508 40 40 0 0 17 0 0 5
fi=(308)
137 40 0 40
+1 40
fe=(300)
+78 6
fi=(277)
-17 6 6
fe=(300)
+17 6 0 0 0 0 0 0 0 0 6
+3 12
+6 6
-6 6
+3 6 0 6
+3 6 0 0 0 0 0 0 0 0 6
fi=(301)
89 30 6 6 0 0 0 0 0 0 6
cfi=(308)
cfn=(2790)
calls=6 -66 
* 2163 741 438 0 101 74 0 12 11 381 50
fi=(304)
-21 12 6 0 0 0 0 0 0 0 6 1
-6 12 6 6 0 0 1
+1 6 0 6
fi=(301)
+26 6 6
+1 12 0 6
-1 24 0 6 0 0 0 0 0 0 6
cfi=(308)
cfn=(2790)
calls=6 -66 
* 695 244 136 0 33 22 0 3 1 122 8
fi=(304)
-21 12 6 0 0 0 0 0 0 0 6 2
-6 12 6 6 0 0 1
+1 6 0 6
fi=(277)
208 6 6
fi=(301)
90 6
fi=(277)
209 6 0 6
fi=(301)
90 6 0 6
fi=(277)
210 12 0 0 0 0 0 0 0 0 6
-70 6 0 6
cob=(4)
cfi=(178)
cfn=(2822)
calls=6 0 
* 1038 300 180 0 102 3 0 4 0 156 19 18 6
+68 6 6
+1 6 0 6
+1 12 0 0 0 0 0 0 0 0 6
fe=(300)
+63 12

fl=(278) /home/max/projects/corintho-ai/bench/../corintho_ai/cpp/src/mlp.cpp
fn=(2704) (anonymous namespace)::dense(float const*, int, int, int, float const*, float const*, int, float*, bool)

fn=(2688) Mlp::evaluateParallel(float const*, int, float*, float*, int) const [clone ._omp_fn.0]

fl=(309)
fn=(2592)
340 174153
fi=(308)
+28 174153 0 174153
fe=(309)
-26 174153
fi=(308)
+26 1567377 0 1044918 0 0 19
fi=(267) /usr/include/c++/13/bitset
506 522459 174153 174153 0 0 3
fe=(309)
341 174153
fi=(267)
506 174153 174153
fe=(309)
340 174153
+21 174153
-21 174153
+21 174153
-20 174153
-1 174153
+1 522459
+1 522459
+1 174153
-1 174153
+1 522459
+17 348306
-17 174153
-3 174153
+1 696612
+1 696612
+1 522459
-2 348306
+2 174153
-2 348306
+1 696612
+1 522459
+1 174153
+21 174153
-21 174153
-1 174153
-3 174153
+4 1741530 0 348306
-3 522459
+28 174153
-1 174153 0 174153 0 0 849
-27 696612 0 174153
+29 348306 0 174153
-28 1044918 0 348306
+1 696612
+1 522459
+22 348306
-22 174153
+26 174153
-4 522459 0 174153
+4 870765 0 174153
59 174153
+2 174153 174153
+1 348306 0 0 0 0 0 0 0 0 174153 4780
-1 348306 348306
+1 696612 0 0 0 0 0 0 0 0 348306 396
-2 1915683 348306 0 0 0 0 0 0 0 522459 22315
+55 522459 348306
+3 1044918 174153
+1 174153
-1 348306 0 174153
+3 174153 174153
-13 348306 174153
+9 174153
-1 348306 174153
+1 174153
-1 174153
-1 174153
+2 174153
+4 174153 174153
-4 174153 0 174153
-2 174153 0 174153
+6 696612 174153 0 0 0 0 0 0 0 174153 45881
+1 129467 0 129467
-1 870765 348306 0 0 0 0 0 0 0 174153 54566
+1 61311 0 61311
-1 870765 348306 0 0 0 0 0 0 0 174153 13366
+1 6042 0 6042
+7 6042
+3 6042
-1 6042
+4 6042
-3 6042
-3 6042
+2 6042
+1 6042
+3 6042
+7 6042 6042
-13 6042
+12 6042 6042
+11 6042
+1 6042
-11 6042
+10 6042
+1 6042
-12 6042
+8 6042
+4 6042
-12 6042
+9 6042
-1 6042
+1 6042
-1 6042
+1 6042
-1 6042
+2 6042
+4 6042
-4 6042
+4 6042
-4 6042
+3 6042
+2 6042
-2 6042
+2 6042
-5 6042
+3 6042
+6 6042
-7 6042
-13 6042 6042
+20 6042
-1 6042
-19 6042
+19 6042
+1 6042
+4 6042
-4 12084 0 6042
+4 6042 0 0 0 0 0 0 0 0 6042 2615
-35 168111
+3 168111
-1 168111
+4 168111
-3 168111
-3 168111
+2 168111
+1 168111
+3 168111
+7 168111 168111
-13 168111
+12 168111 168111
+11 168111
+1 168111
-11 168111
+10 168111
+1 168111
-12 168111
+8 168111
+4 168111
-12 168111
+9 168111
-1 168111
+1 168111
-1 168111
+1 168111
-1 168111
+2 168111
+4 168111
-4 168111
+4 168111
-4 168111
+3 168111
+2 168111
-2 168111
+2 168111
-5 168111
+3 168111
+6 168111
-7 168111
-13 168111 168111
+20 168111
-1 168111
-19 168111
+19 168111
+1 168111
+4 168111
-4 336222 0 168111
+4 168111 0 0 0 0 0 0 0 0 168111 52608
+3 116620
-2 116620
+2 408170
-3 116620 0 0 0 0 0 0 0 0 58310 16950
+1 23264
+2 81424
-3 81574 0 58310 0 0 0 0 0 0 11632 2957
+6 348306 0 0 0 0 0 0 0 0 174153 55182
+3 156576 52192
-2 104384
+2 365344
-3 104384 0 0 0 0 0 0 0 0 52192 18753
+1 15230
+2 53305
-3 15230 0 0 0 0 0 0 0 0 7615 1081
41 259154 0 52192 0 0 0 0 0 0 52192 18831
fi=(265) /home/max/projects/corintho-ai/bench/../corintho_ai/cpp/include/util.h
+89 51289 0 51289
-11 102578
fi=(324) /home/max/projects/corintho-ai/bench/../corintho_ai/cpp/include/game.h
-31 51289
fi=(265)
+42 51289
-12 205156 0 102578
+12 102578
fe=(309)
+55 51289 51289
-1 51289 51289
+1 256445
fi=(265)
-23 102578
fe=(309)
+23 102578 102578 0 0 31322
fi=(265)
-23 51289 51289 0 0 25586
+1 102578 0 0 0 0 0 0 0 0 51289 10189
fe=(309)
+22 27772 27772
-1 27772 27772
+1 138860
fi=(265)
-23 55544
fe=(309)
+23 55544 55544 0 0 15333
fi=(265)
-23 27772 27772 0 0 4383
+1 229826 0 116188 0 0 0 0 0 0 27772 11054
+1 58094
fi=(324)
-75 58094
fi=(265)
+75 58094
fe=(309)
+27 58094 58094 0 0 8291
fi=(324)
88 58094
+1 116188 0 0 0 0 0 0 0 0 58094 25062
fi=(265)
+75 84267
fi=(324)
-75 84267
fi=(265)
+75 84267
fe=(309)
+27 84267 84267 0 0 7403
fi=(324)
88 84267
+1 168534 0 0 0 0 0 0 0 0 84267 33369
+1 262221 0 0 0 0 0 0 0 0 87407 32061
+1 233664 58416
fi=(265)
+39 233664
+33 116832 0 0 0 0 0 0 0 0 58416 9885
-33 335780
+33 284078 116188 0 0 0 0 0 0 0 83945 19948
+4 116188 58094
+1 116188 0 0 0 0 0 0 0 0 58094 7829
-1 41934 20967
+1 41934 0 0 0 0 0 0 0 0 20967 682
-23 79061 0 79061
+1 79061
fe=(309)
+36 237183 79061 0 0 0 0 0 0 0 79061 27372
fi=(265)
-37 102578 102578
-3 51289
+3 102578 51289 51289
+1 51289
fi=(323)
-45 51289 51289
fi=(265)
+41 153867
fi=(308)
377 51289
fi=(323)
101 51289 0 51289
fi=(308)
373 80415 14563 14563 0 0 0 0 0 0 51289 13063
+20 1915683 1567377 0 0 0 0 0 0 0 174153 958
fe=(309)
71 3106008
+2 517668
-2 3106008
+2 517668
-2 1035336
+1 517668
+1 517668
-2 517668
+1 517668
-1 517668
+2 517668
-2 1035336
+1 517668
+2 517668
-3 1035336
+1 517668
+1 517668
-1 517668
-1 517668
+1 517668
-1 517668
+3 517668
-2 517668
+1 517668
-1 517668
+1 517668
+1 517668
-2 517668
+1 1553004
-1 517668
+1 1035336
-1 517668
+1 1035336
-1 517668 0 517668
+4 517668
-3 2588340 0 517668 0 0 69
+3 722824 0 0 0 0 0 0 0 0 517668 57971
+3 51289 51289
+1 102578 0 0 0 0 0 0 0 0 51289 18262
-1 153867 153867
+1 307734 0 0 0 0 0 0 0 0 153867 33755
+3 214748
-2 107374
+1 53687
+1 107374 53687 0 0 12808
+1 107374 0 0 0 0 0 0 0 0 53687
-3 25374
+1 12687
+1 25374 12687
+1 25374 0 0 0 0 0 0 0 0 12687
+1 132748
+2 66374
-2 132748 0 66374
-5 186435 0 0 0 0 0 0 0 0 66374 14905
+10 53687 53687
+1 107374 0 0 0 0 0 0 0 0 53687 2
-1 151469 151469
+1 302938 0 0 0 0 0 0 0 0 151469
+3 50748
-2 25374
+1 12687
+1 25374 12687
+1 25374 0 0 0 0 0 0 0 0 12687
+1 25374
+2 12687
-2 25374 0 12687
-5 38061 0 0 0 0 0 0 0 0 12687
-13 666757 0 0 0 0 0 0 0 0 205156 53177
fi=(323)
+23 35356 35356
fi=(265)
+41 176780 35356
fi=(323)
-41 35356 0 35356
fi=(304)
-33 319180 159590 0 0 0 0 0 0 0 159590
-24 478770 159590 0 0 0 0 0 0 0 159590 4298
+2 319180 159590 159590 0 152623 0 0 2645
fi=(265)
163 159590 159590
fi=(308)
385 159590 159590
fi=(320)
169 319180 0 319180 0 0 152664 0 0 4961
fi=(265)
-6 159590
fi=(308)
385 159590 0 159590
fi=(265)
163 159590 0 0 0 0 0 0 0 0 159590 42610
fi=(308)
386 231278
+4 231278
+1 115639
-1 462556 115639
fi=(265)
163 115639
fi=(308)
390 115639 0 115639
fi=(265)
163 115639 0 0 0 0 0 0 0 0 115639 41639
fi=(308)
390 591878
+1 295939
-1 1183756 295939 0 0 2152 0 0 1470
fi=(265)
163 295939
fi=(308)
390 295939 0 295939
fi=(265)
163 295939 0 0 0 0 0 0 0 0 295939 77981
-1 115639 115639
fi=(308)
386 231278
+4 115639
+1 115639
-1 115639 0 115639
fi=(265)
163 231278 0 0 0 0 0 0 0 0 115639
fi=(308)
390 295939
+1 295939
-1 295939 0 295939
fi=(265)
163 823156 115639 0 0 0 0 0 0 0 295939 33926
+5 231278
-1 115639
+1 203541 0 0 0 0 0 0 0 0 115639 9648
-1 43951
+1 195109 0 0 0 0 0 0 0 0 43951
fi=(308)
390 151158
fi=(265)
169 151158
fi=(308)
391 151158
-1 151158 151158 0 0 3881 0 0 2664
fi=(265)
169 302316
fi=(308)
390 453474
fi=(265)
168 151158
fi=(308)
390 151158 0 151158
fi=(265)
168 151158 0 0 0 0 0 0 0 0 151158 17189
fi=(308)
390 1685835
fi=(265)
169 1685835
fi=(308)
391 1685835
-1 1685835 1685835 0 0 47537 0 0 32336
fi=(265)
169 3371670
fi=(308)
390 5057505
fi=(265)
168 1685835
fi=(308)
390 1685835 0 1685835
fi=(265)
168 1836993 0 0 0 0 0 0 0 0 1685835 146005
fi=(308)
390 151158
+1 151158
-1 151158 0 151158
fi=(265)
168 302316 0 0 0 0 0 0 0 0 151158 989
fi=(308)
390 1685835
+1 1685835
-1 1685835 0 1685835
fi=(265)
168 3522828 0 0 0 0 0 0 0 0 1685835 141577
fe=(309)
41 243922 0 0 0 0 0 0 0 0 121961 26837
fi=(265)
142 87508
fi=(323)
-41 87508 87508
fi=(265)
+41 350032 87508
fi=(323)
-41 87508 0 87508
fi=(308)
373 87508 0 0 0 0 0 0 0 0 87508 100
+8 258
+5 87902
fe=(309)

fl=(301)
fn=(2556)
144 142380 10170 91530 0 0 111
-75 10170 10170 0 0 9880
+75 40680 10170 20340 0 102
+4 20340 0 0 0 0 0 0 0 0 10170 8
+15 30510 10170 0 0 2249 0 0 0 0 10170 26
fi=(280)
993 20340 20340 0 0 3683 0 0 5
fe=(301)
172 30378 10038 0 0 0 0 0 0 0 10170
299 20076 0 10038
-70 30114 20076 10038 0 279
+71 10038 10038
+1 10038
+19 10038 0 10038
-20 20076 10038 10038 0 9876
+1 100380 10038 10038 0 10031 0 0 0 0 10038
-1 149662 149662
+1 149662
+19 149662 0 149662
-20 299324 149662 149662 0 16918
+1 2454820 149662 309362 0 149637 24 0 0 0 309362 161
fi=(308)
85 159700 159700
fe=(301)
301 319400
+1 479100 159700
-78 479100 159700 0 0 39197 0 0 0 0 159700
-1 159700 159700
+1 159700
-1 319400
fi=(308)
98 319400 159700 0 0 159650
fe=(301)
225 638800 159700 159700 0 126050 4
-1 159700
+2 159700
-2 319400 0 0 0 0 0 0 0 0 159700 17716
fi=(308)
98 4187046 2093523 0 0 59610
fe=(301)
225 8374092 2093523 2093523 0 406099
-1 2093523
+2 2093523
-2 4187046 0 0 0 0 0 0 0 0 2093523 147496
+5 1756700 319400 159700
+1 281460 0 0 0 0 0 0 0 0 159700 3109
+1 608800 121760 121760
-1 121760 0 0 0 0 0 0 0 0 121760 27654
+1 270843 90281 90281
-1 90281 0 0 0 0 0 0 0 0 90281 21097
+1 59595 19865 19865
-1 19865 0 0 0 0 0 0 0 0 19865 42
+1 126 42 42
-1 1388497 121760 0 0 0 0 0 0 0 270729 50710
+1 105060 35020 35020
-1 175100 0 0 0 0 0 0 0 0 35020 13133
+1 653980 130796 130796
-1 392388 0 0 0 0 0 0 0 0 130796 32019
+1 86156
-1 86156
+1 86156 86156
-1 86156
+1 86156 0 86156
-1 86156 0 0 0 0 0 0 0 0 86156 31094
+1 121821 40607 40607
+73 3513400 159700 479100 0 1914 3 0 0 0 319400 1262
-51 159700
-14 319400 0 159700
+1 479100 0 159700
-1 638800
+1 638800
+1 479100
+15 159700
fi=(268)
-18 319400
fe=(301)
+19 319400 0 0 0 0 0 0 0 0 159700
-18 1157060
+1 1157060
+1 867795
+15 289265
fi=(268)
-18 578530
fe=(301)
+19 2823355 0 0 0 0 0 0 0 0 289265
+1 448965
-1 448965
+2 448965
-1 1346895 448965 448965 0 82911 62
-1 448965
+3 448965
-3 448965 0 0 0 0 0 0 0 0 448965 24352
+1 1804258
-1 1804258
+2 1804258
-1 5412774 1804258 1804258 0 316541 1
-1 1804258
+3 1804258
-3 1804258 0 0 0 0 0 0 0 0 1804258 101966
-3 2823355 0 0 0 0 0 0 0 0 448965 28534
+9 1756700 798500 159700
+1 281460 0 0 0 0 0 0 0 0 159700 6330
+1 608800 121760 121760
-1 121760 0 0 0 0 0 0 0 0 121760 28954
+1 270843 90281 90281
-1 90281 0 0 0 0 0 0 0 0 90281 20224
+1 59595 19865 19865
-1 19865 0 0 0 0 0 0 0 0 19865 42
+1 126 42 42
-1 1388497 121760 0 0 0 0 0 0 0 270729 40481
+1 105060 35020 35020
-1 175100 0 0 0 0 0 0 0 0 35020 14169
+1 653980 130796 130796
-1 392388 0 0 0 0 0 0 0 0 130796 31420
+1 86156
-1 86156
+1 86156 86156
-1 86156
+1 86156 0 86156
-1 86156 0 0 0 0 0 0 0 0 86156 30426
+1 121821 40607 40607
+4 40607 40607
+3 40607
+22 40607
-22 284249 0 0 0 0 0 0 0 0 40607
-3 119093 119093
+3 119093
+22 119093
-22 1632151 0 159700 0 0 94 0 0 0 278793 2890
+2 159700
-2 159700
+2 319400 0 0 0 0 0 0 0 0 159700 312
-1 159700
+2 479100 319400 159700 0 0 256
-1 159700
+2 159700
-2 319400 0 0 0 0 0 0 0 0 159700
+1 6280569 4187046 2093523 0 0 5
-1 2093523
+2 2093523
-2 4187046 0 0 0 0 0 0 0 0 2093523 149152
+5 479100 319400
+1 319400 159700
-1 159700
+2 159700
+8 319400 159700
fi=(268)
-27 159700
fi=(308)
-95 159700
fe=(301)
289 159700
fi=(268)
-27 319400
fi=(308)
-95 159700 159700
fe=(301)
281 159700
fi=(308)
167 319400
fe=(301)
291 159700
fi=(308)
167 319400
fe=(301)
281 159700
fi=(308)
167 159700 0 159700
fe=(301)
281 159700 0 0 0 0 0 0 0 0 159700 8151
+8 4187046 2093523
fi=(268)
-27 2093523
fi=(308)
-95 2093523
fe=(301)
289 2093523
fi=(268)
-27 4187046
fi=(308)
-95 2093523 2093523
fe=(301)
281 2093523
fi=(308)
167 4187046
fe=(301)
291 2093523
fi=(308)
167 4187046
fe=(301)
281 2093523
fi=(308)
167 2093523 0 2093523
fe=(301)
281 2093523 0 0 0 0 0 0 0 0 2093523 127502
+12 638800 159700
fi=(308)
147 159700 0 159700
fe=(301)
310 159700 159700
-1 479100 319400
+1 159700 159700 0 0 37394
-1 159700 159700 0 0 14813
+1 159700 0 0 0 0 0 0 0 0 159700 87
+2 810471
fi=(308)
202 1620942 810471 810471 0 76207
+1 810471 0 810471
cfn=(2730)
calls=810471 +66 
* 18660381 8099826 2431413 0 633853 645616 0 0 0 1630714 7104
fe=(301)
314 810471 810471
fi=(308)
161 810471 0 810471
+1 810471 0 810471
cfn=(2730)
calls=810471 269 
* 18660381 8099826 2431413 0 0 0 0 0 0 1630714 8864
fe=(301)
315 3241884 810471
+1 1620942 810471 810471
-6 1620942 810471 0 0 73696 0 0 0 0 810471 164823
+9 159700 159700
fi=(308)
202 319400 159700 159700 0 1821
+1 159700 0 159700
cfn=(2730)
calls=159700 +66 
* 638800 319400 0 0 0 0 0 0 0 159700
fi=(280)
993 479100 479100
fe=(301)
299 159700 0 159700
fi=(280)
993 159700
fe=(301)
299 159700 159700
fi=(280)
993 159700
fe=(301)
299 319400 0 0 0 0 0 0 0 0 159700 10071
+22 10038 10038
fi=(308)
161 10038 0 10038
+1 10038 0 10038
cfn=(2730)
calls=10038 269 
* 40152 20076 0 0 0 0 0 0 0 10038 254
fi=(280)
1606 10038 10038
1935 30114 10038 0 0 0 0 0 0 0 10038
+4 10038 0 10038
fe=(301)
181 20076 10038
-6 10038 10038
+6 10038 10038
-6 10038
+6 10038
-6 10170 132 0 0 0 0 0 0 0 10038
+6 132 132
-6 132
+6 132
-6 132 0 0 0 0 0 0 0 0 132
-1 10170
+1 10170
-1 20233 0 0 0 0 0 0 0 0 10170 109
+1 1049410 524705 0 0 1 0 0 0 0 349790 37
662 174872
-1 174872 0 174872
+1 174872 0 174872
+1 174872 174872
fi=(308)
108 174872
fe=(301)
663 699488 174872 174872 0 107 0 0 0 0 174872
-36 349744 174872 0 0 971
-39 9992356 2725188 0 0 43586 0 0 3039 0 908396
fi=(308)
212 908396
fe=(301)
588 908396
fi=(308)
212 3633584 908396 0 0 193671 0 0 11436 0 1816792 63041
+5 846878 846878
+3 846878 846878
-3 846878
+1 1693756
+1 846878
fe=(301)
594 1693756 0 0 0 0 0 0 0 0 846878
+19 4234390 846878 0 0 0 0 0 0 0 846878
+5 35831523 11943841 0 0 143944 0 0 4801 0 11943841 1901786
fi=(308)
104 49780320 9956064 0 0 325111 0 0 5042
fe=(301)
622 9956064
fi=(308)
104 29868192 9956064
fe=(301)
623 9956064
-1 9956064 0 0 0 0 0 0 0 0 9956064 111
+4 9955968
+1 9955968
-1 39823872 29867904 0 0 165397 0 0 4437
+1 19911936
-1 19911936
+3 9955968
+1 19911936
-17 29867904 0 0 0 0 0 0 0 0 9955968 784244
+16 96
+1 192
-17 5963619 0 0 0 0 0 0 0 0 1987873 104038
fi=(308)
85 846878 846878
fe=(301)
636 1693756 0 0 0 0 0 0 0 0 846878 274636
+13 1468486 0 0 0 0 0 0 0 0 734243 195
fi=(308)
192 1438 0 719
+1 719 0 719
cfn=(2730)
calls=719 +76 
* 16864 7166 2148 0 3 0 0 0 0 1563 141
fe=(301)
680 719 719
fi=(308)
202 2157 1438 719
+1 719 0 719
cfn=(2730)
calls=719 +66 
* 16864 7166 2148 0 0 0 0 0 0 1563 102
fe=(301)
685 719 719
fi=(308)
161 719 0 719
+1 719 0 719
cfn=(2730)
calls=719 269 
* 16864 7166 2148 0 0 0 0 0 0 1563 55
fe=(301)
688 2157 1438 0 0 0 0 0 0 0 719
fi=(308)
197 4189 0 4189
+1 4189 0 4189
cfn=(2730)
calls=4189 +71 
* 96917 41890 12567 0 0 0 0 0 0 8568 592
fe=(301)
690 4189 4189
fi=(308)
207 12567 8378 4189
+1 4189 0 4189
cfn=(2730)
calls=4189 +61 
* 96917 41890 12567 0 0 0 0 0 0 8568 92
fe=(301)
691 12567 8378 4189
-3 8378 4189 0 0 0 0 0 0 0 4189 742
fi=(308)
197 719 0 719
+1 719 0 719
cfn=(2730)
calls=719 +71 
* 2876 1438 0 0 0 0 0 0 0 719
fe=(301)
695 719 719
fi=(308)
207 2157 1438 719
+1 719 0 719
cfn=(2730)
calls=719 +61 
* 2876 1438 0 0 0 0 0 0 0 719 543
fe=(301)
696 719 719
fi=(280)
993 719 719
fe=(301)
696 1438 0 719
fi=(280)
993 2876 719
fe=(301)
175 1438 719 0 0 0 0 0 0 0 719
fi=(280)
993 696612 174153
fe=(301)
175 513263 339110 0 0 0 0 0 0 0 174153 9915
-1 164957
+1 164957
-1 164957 0 0 0 0 0 0 0 0 164957 138
+7 1192 0 0 0 0 0 0 0 0 212
+2 132210 101700 0 0 7320 0 0 0 0 10170
fi=(308)
+9 733524
fe=(301)
654 733524 733524 0 0 160617 0 0 2054
fi=(308)
192 733524 0 733524
+1 733524 0 733524
cfn=(2730)
calls=733524 +76 
* 13556308 5939480 1677162 0 19470 0 0 633 0 1292640 153844
fe=(301)
680 733524 733524
fi=(308)
202 2200572 1467048 733524
+1 733524 0 733524
cfn=(2730)
calls=733524 +66 
* 13556308 5939480 1677162 0 0 0 0 0 0 1292640 2501
fe=(301)
716 733524 0 733524
-53 733524 733524 0 0 174486 0 0 9456
fi=(308)
108 733524
fe=(301)
663 1467048 0 0 0 0 0 0 0 0 733524
-9 1467048
fi=(308)
177 61518 61518 0 0 46466 0 0 5600
-1 61518 61518
+3 123036 61518
-2 61518
-1 61518
+1 123036
+4 176362 0 0 0 0 0 0 0 0 61518 9443
-4 373282 53326
-1 106652 53326
+1 53326
+6 106652 0 0 0 0 0 0 0 0 53326 25313
-6 3266645 653329 0 0 14979 0 0 3578
-1 1306658 653329
+1 653329
+6 1306658 0 0 0 0 0 0 0 0 653329 84260
+1 92558
+1 92558
-4 2119965 0 0 0 0 0 0 0 0 706655 56284
fi=(319) /usr/include/c++/13/bits/move.h
+16 61518 61518
+1 184554 61518 123036
+1 61518 0 61518
fi=(308)
85 61518 61518
fe=(301)
636 123036 61518 0 0 0 0 0 0 0 61518
fi=(308)
104 430626 184554
fe=(301)
637 61518
+1 123036 61518 0 0 0 0 0 0 0 61518 1630
fi=(308)
98 61518 61518
fe=(301)
644 61518
fi=(308)
98 184554 0 61518
fe=(301)
641 254264 61518 0 0 0 0 0 0 0 61518 33
fi=(308)
192 16384 0 8192
+1 8192 0 8192
cfn=(2730)
calls=8192 +76 
* 188416 81920 24576 0 1262 0 0 67 0 16384
-1 331922 0 165961
+1 165961 0 165961
cfn=(2730)
calls=165961 +76 
* 3809522 1656418 496686 0 20694 0 0 1426 0 331523 4410
fe=(301)
680 174153 174153
fi=(308)
202 522459 348306 174153
+1 174153 0 174153
cfn=(2730)
calls=174153 +66 
* 3997938 1738338 521262 0 0 0 0 0 0 347907 5366
fe=(301)
700 174153
fi=(304)
68 174153 174153 0 0 1556
fe=(301)
700 174153 0 0 0 0 0 0 0 0 174153 9685
fi=(304)
68 337905 0 0 0 0 0 0 0 0 112635
-24 337905 112635 0 0 0 0 0 0 0 112635
+2 225270 112635 112635 0 103959 0 0 3306
fe=(301)
711 450540 337905 0 0 55641 0 0 2378
fi=(308)
89 112635 112635
fe=(301)
711 337905 0 112635
cfi=(308)
cfn=(2734)
calls=112635 38 
* 96471473 10941449 11250870 0 264030 234706 0 29992 34029 7291523 831284 55834 273
fi=(308)
133 112635 0 112635 0 0 1
fe=(301)
712 112635 0 112635 0 0 1
+1 112635 112635
fi=(308)
108 112635
fe=(301)
721 348306 0 0 0 0 0 0 0 0 174153 10200
fi=(308)
141 159590 159590 0 0 1
+1 159590
-1 159590 0 159590
+1 159590 0 159590
cfn=(2730)
calls=159590 269 
* 3670570 1595900 478770 0 0 0 0 0 0 319180 2587
fe=(301)
743 159590 159590
fi=(321)
29 159590
fi=(280)
993 319180 319180 0 0 1
fi=(267)
506 159590 159590
fi=(280)
993 159590
fe=(301)
743 319180 159590 0 0 14
fi=(309)
278 319180
fi=(321)
29 957540 319180 159590 0 3473 49359
fi=(309)
278 319180
fi=(321)
29 478770 159590 159590 0 1227 39930
fi=(309)
278 319180
fi=(321)
29 478770 159590 159590 0 1602 39863
fi=(309)
278 319180
fi=(321)
29 478770 159590 159590 0 997 39926
fi=(309)
278 319180
fi=(321)
29 478770 159590 159590 0 1780 39871
fi=(309)
278 319180
fi=(321)
29 478770 159590 159590 0 1282 39930
fi=(309)
278 319180
fi=(321)
29 478770 159590 159590 0 747 39863
fi=(309)
278 319180
fi=(321)
29 478770 159590 159590 0 713 39926
fi=(309)
278 319180
fi=(321)
29 478770 159590 159590 0 1028 39871
fi=(309)
278 319180
fi=(321)
29 478770 159590 159590 0 1129 39930
fi=(309)
278 319180
fi=(321)
29 478770 159590 159590 0 506 39863
fi=(309)
278 319180
fi=(321)
29 478770 159590 159590 0 436 39926
fi=(309)
278 319180
fi=(321)
29 478770 159590 159590 0 588 39871
fi=(309)
278 478770
fi=(321)
29 478770 0 159590 0 0 39930
fi=(309)
284 159590 159590 0 0 1
fi=(321)
29 638360 319180 319180 0 1112 79789
fi=(309)
284 4468520 319180
-1 159590 0 159590 0 0 19931
+1 2234260 159590
-1 159590 0 159590
+1 2234260 159590
-1 159590 0 159590 0 0 19940
+1 2393850 159590
-1 159590 0 159590
+1 2074670 159590
-1 159590 0 159590 0 0 19989
+1 159590 159590
fi=(280)
1283 319180 319180
fi=(309)
284 319180
-1 159590 0 159590
fi=(280)
1283 159590 0 0 0 0 0 0 0 0 159590
fi=(281) /usr/include/c++/13/bits/new_allocator.h
191 159590 159590
fi=(280)
1288 159590
fi=(281)
191 159590 0 159590 0 0 4091 0 0 84
fi=(280)
1288 159590 0 159590
fe=(301)
750 159590 159590
181 159590 159590
750 333743 14563 159590
181 14563 14563
750 29126 0 14563
fi=(308)
104 3271107 934602 0 0 3721 0 0 57
fe=(301)
637 467301
+1 934602 0 0 0 0 0 0 0 0 467301 113154
fi=(308)
98 225270 112635 112635 0 0 1
fe=(301)
641 112635
fi=(308)
98 225270
fe=(301)
641 112635
fi=(308)
98 112635 0 112635
fe=(301)
641 112635 0 0 0 0 0 0 0 0 112635 7625
+3 889114 278596 0 0 28138 0 0 678 0 165961 56343
fi=(308)
176 158981
+5 158981 158981
-2 158981
-2 158981 158981 0 0 1597 0 0 53
-1 158981 158981
+1 158981
-1 158981
+1 317962
+4 476943 0 0 0 0 0 0 0 0 158981 5568
-4 1179792 147474 147474 0 1853 0 0 54
-1 294948 147474
+1 147474
+6 294948 0 0 0 0 0 0 0 0 147474 74034
-6 8195270 1639054 0 0 30538 0 0 2163
-1 3278108 1639054
+1 1639054
+6 3278108 0 0 0 0 0 0 0 0 1639054 227075
+1 271619
+1 271619
-4 5507058 147474 0 0 0 0 0 0 0 1786528 157320
fi=(319)
+16 147474 147474
+1 294948 147474 147474
+1 147474 0 147474
fi=(308)
-10 147474
fi=(319)
+8 11507 11507
+1 23014 11507 11507
+1 11507 0 11507
fi=(308)
-10 11507
fe=(301)
539 17858 17858
+4 53574 17858 0 0 0 0 0 0 0 17858
-1 75405 39689
+3 79378 0 0 0 0 0 0 0 0 39689 14494
fi=(308)
125 132140 26428 0 0 4688 0 0 117
fe=(301)
552 52856
+3 26428
-12 52856 0 0 0 0 0 0 0 0 26428 5382
fi=(308)
98 39689
-17 39689 39689 0 0 17386 0 0 611
+17 79378 39689 0 0 89 0 0 2
fe=(301)
545 79378 0 0 0 0 0 0 0 0 39689
727 87120 29126 0 0 0 0 0 0 0 28997 173
-1 14434 14434
fi=(308)
141 14434 0 14434
+1 14434 0 14434
cfn=(2730)
calls=14434 269 
* 389718 129906 43302 0 0 0 0 0 0 57736 5890
-1 129 0 129
+1 129 0 129
cfn=(2730)
calls=129 269 
* 3354 1290 387 0 0 0 0 0 0 387 48
fe=(301)
731 72815 29126 0 0 0 0 0 0 0 14563
+3 14563 14563
fi=(308)
202 14563 14563
fe=(301)
732 14563 0 14563
fi=(308)
202 14563 0 14563
+1 14563 0 14563
cfn=(2730)
calls=14563 +66 
* 392895 131196 43689 0 0 0 0 0 0 58064 13723
fe=(301)
734 78978 78978
fi=(308)
202 78978 78978
fe=(301)
732 78978 0 78978
fi=(308)
202 78978 0 78978
+1 78978 0 78978
cfn=(2730)
calls=78978 +66 
* 1565835 666813 193245 0 0 0 0 0 0 156381 32796
fe=(301)
735 467705 280623
-4 187082 0 0 0 0 0 0 0 0 93541 10
fi=(280)
993 29126 14563
fe=(301)
532 43689 14563 0 0 0 0 0 0 0 14563
fi=(308)
121 177630 35526
fe=(301)
534 71052 0 0 0 0 0 0 0 0 35526 142
fi=(308)
156 17668 0 17668
+1 35336 0 17668
cfn=(2730)
calls=17668 269 
* 476921 158977 52989 0 0 0 0 0 0 70657 118
fe=(301)
532 83878 41939 0 0 0 0 0 0 0 20976
728 258
fi=(308)
85 4597 4597
fe=(301)
558 9194 0 0 0 0 0 0 0 0 4597 2593
+4 6616 0 0 0 0 0 0 0 0 3308 87
fi=(308)
156 66 0 66
+1 132 0 66
cfn=(2730)
calls=66 269 
* 1914 660 198 0 0 0 0 0 0 264 122
+1 66
fi=(304)
-90 61518
fe=(301)
701 61518 61518
fi=(304)
68 123036 0 0 0 0 0 0 0 0 61518
-24 184554 61518 0 0 0 0 0 0 0 61518
+2 123036 61518 61518 0 56975 0 0 1747
+1 61518
fi=(308)
156 3242 0 3242
+1 6484 0 3242
cfn=(2730)
calls=3242 269 
* 87350 29122 9702 0 0 0 0 0 0 12944 1823
+1 3242
fe=(301)
703 184554 123036
fi=(308)
89 61518 61518
fe=(301)
703 246072 61518 61518
cfi=(308)
cfn=(2734)
calls=61518 38 
* 50904239 6007481 5644618 0 206959 136118 0 14308 15971 3906306 560466
fi=(308)
137 123036 61518 61518
fe=(301)
704 123036 61518 61518
+1 61518 61518
fi=(308)
108 61518
fe=(301)
705 61518
fi=(280)
993 9911 9911
fe=(301)
181 29822 9954 0 0 0 0 0 0 0 9954
-22 19828
+70 37940
+1 75880
+33 37940
+1 75880
163 268 134 0 0 103 0 0 0 0 134 4
+18 39656 9915 0 0 0 0 0 0 0 9915 4

fn=(2782)
116 1794 138 828 0 0 124
+3 276 138 0 0 0 0 0 0 0 138 98
338 18
+1 95
+9 373 77 0 0 74 0 0 7 0 148 19
+6 59 59 0 0 32 0 0 3
-8 177 0 0 0 0 0 0 0 0 59
508 6 6 0 0 2
fi=(308)
284 6
137 6 0 6
284 6 0 6
fe=(301)
517 6
121 138 138
fi=(267)
506 138
fi=(321)
29 138
fi=(267)
506 138 138 0 0 40 0 0 11
fi=(309)
278 276
fi=(321)
29 828 276 138 0 25 125
fi=(309)
278 276
fi=(321)
29 414 138 138 0 6
fi=(309)
278 276
fi=(321)
29 414 138 138 0 10
fi=(309)
278 276
fi=(321)
29 414 138 138 0 2 126
fi=(309)
278 276
fi=(321)
29 414 138 138 0 8
fi=(309)
278 276
fi=(321)
29 414 138 138 0 3
fi=(309)
278 276
fi=(321)
29 414 138 138 0 3
fi=(309)
278 276
fi=(321)
29 414 138 138 0 3 124
fi=(309)
278 276
fi=(321)
29 414 138 138 0 4
fi=(309)
278 276
fi=(321)
29 414 138 138 0 3
fi=(309)
278 276
fi=(321)
29 414 138 138 0 1
fi=(309)
278 276
fi=(321)
29 414 138 138 0 1 126
fi=(309)
278 276
fi=(321)
29 414 138 138 0 1
fi=(309)
278 414
fi=(321)
29 828 276 276 0 1
fi=(309)
284 138 138 0 0 7
fi=(321)
29 138 0 138 0 0 125
fi=(309)
284 3726 276
-1 138 0 138
+1 1932 138
-1 138 0 138
+1 1932 138
-1 138 0 138
+1 2070 138
-1 138 0 138
+1 1656 138
-1 138 0 138
+1 552 138
fi=(321)
59 138
fi=(309)
283 138 0 138
fi=(321)
59 1656 0 1656 0 0 838
fe=(301)
+68 690 414 0 0 0 0 0 0 0 138 7
+5 908 0 0 0 0 0 0 0 0 454 2
+4 428 214 0 0 0 0 0 0 0 107
328 428 214 0 0 0 0 0 0 0 107
-1 107
-1 107
+2 8296 0 0 0 0 0 0 0 0 2694 196
fi=(308)
104 2694
fe=(301)
329 2694
fi=(308)
104 13470 2694 0 0 159
fe=(301)
329 5388 0 0 0 0 0 0 0 0 2694
fi=(308)
98 2694 2694
fe=(301)
330 2694
fi=(308)
98 5388
fe=(301)
375 26 0 0 0 0 0 0 0 0 13
-9 13
+3 13
-2 13
+1 13
-3 26
+17 91 91 0 0 31
-7 375 0 0 0 0 0 0 0 0 91 14
fi=(308)
73 102 102 0 0 67
fe=(301)
376 204 0 0 0 0 0 0 0 0 102 18
fi=(308)
73 13 13 0 0 8
fe=(301)
376 26 0 0 0 0 0 0 0 0 13 1
+3 48 24 0 0 6
-1 24
fi=(308)
81 24 24
fe=(301)
375 74 0 0 0 0 0 0 0 0 24 10
+9 26 0 0 0 0 0 0 0 0 13 4
+1 26 0 13
506 240 0 0 0 0 0 0 0 0 120 46
+4 74 74
fi=(308)
284 148 74
133 74 0 74
284 74 0 74
fe=(301)
517 222 0 74 0 0 74
cfi=(308)
cfn=(2790)
calls=74 23 
* 3269628 1115410 663908 0 168546 125321 0 45602 30792 581447 67488
* 138 0 46 0 0 42
cfi=(308)
cfn=(2790)
calls=46 23 
* 1134344 387483 230072 0 58387 43328 0 9034 6183 201853 22097
fi=(304)
68 240 120 0 0 0 0 0 0 0 120 26
-6 276 138 138 0 0 109
+1 138 0 138
fe=(301)
520 138 0 138 0 0 107
-2 414 0 138 0 0 29
142 1518 1104 0 0 325 0 0 0 0 138
357 54 18 0 0 0 0 0 0 0 18 1
+1 18 0 18
506 36 0 0 0 0 0 0 0 0 18 1
+4 12 12
fi=(308)
284 24 12 0 0 4 0 0 1
133 12 0 12
284 12 0 12
fe=(301)
517 24 0 12 0 0 7
cfi=(308)
cfn=(2790)
calls=12 23 
* 126206 42992 25688 0 6492 4819 0 1471 1052 22404 2592
* 12 0 6 0 0 2
cfi=(308)
cfn=(2790)
calls=6 23 
* 17962 5998 3694 0 840 700 0 59 41 3170 378
fi=(304)
68 36 18 0 0 0 0 0 0 0 18 2
fe=(301)
346 72 0 0 0 0 0 0 0 0 18
508 46 46
fi=(308)
284 46
137 46 0 46
284 46 0 46
fe=(301)
517 46
-50 214 0 0 0 0 0 0 0 0 107
-9 107
+1 107
+1 107
-4 107
+1 214
+25 2392 2392 0 0 1052 0 0 249
-15 9461 0 0 0 0 0 0 0 0 2392 107
+1 7176 2392 0 0 2203 0 0 474 0 2392 474
+2 9835 1967 0 0 0 0 0 0 0 3934 325
fi=(308)
73 1967 1967
fe=(301)
473 5713 0 0 0 0 0 0 0 0 3746 222
fi=(308)
81 188 188
fe=(301)
476 188
+2 188
-1 376
+7 214 0 0 0 0 0 0 0 0 107
+1 214 0 107
+2 214 0 0 0 0 0 0 0 0 107

ob=(2)
fl=(243)
fn=(1900)
255 55830
+1 55830
+6 55830
+1 55830 0 0 0 0 0 0 0 0 55830 430
+2 10514 10514 0 0 4514 0 0 199
+1 10514
+1 10514 0 0 0 0 0 0 0 0 10514 101
+3 8791 8791
+1 8791 0 8791 0 0 4531 0 0 1863
+1 8791 0 8791 0 0 3997 0 0 1466
+3 17582 8791
+30 45316
+1 45316 0 0 0 0 0 0 0 0 45316
+2 23084
+1 23084 0 0 0 0 0 0 0 0 23084
+33 22232 22232 0 0 2741 0 0 85
+1 22232 22232
+1 22232 0 22232 0 0 7643 0 0 2343
+1 22232 0 22232 0 0 5214 0 0 2881
+2 22232 22232
+17 23084 23084
+1 23084 23084
+1 23084 0 23084 0 0 8805 0 0 2088
+1 23084 0 23084 0 0 2460 0 0 60
+1 23084 23084
+7 1723 1723 0 0 1
+1 1723 1723
+1 1723 0 1723 0 0 517 0 0 272
+1 1723 0 1723 0 0 1018 0 0 520
+1 1723 0 1723 0 0 1723 0 0 852
+1 1723 0 1723
+1 3446 1723
+5 1723 1723 0 0 1548
+1 1723 0 0 0 0 0 0 0 0 1723 3
+5 1723
+1 1723 0 0 0 0 0 0 0 0 1723 264
+2 1723 1723 0 0 599 0 0 19
+1 1723
+1 1723 0 0 0 0 0 0 0 0 1723 202

fl=(202)
fn=(724) alloc_perturb
1985 3 1 0 0 0 0 0 0 0 1
+2 1 1

fn=(1948)
3359 6
+4 12 0 0 0 0 0 0 0 0 6
-4 18 0 12
+14 6
-14 18 0 12
+12 6 6 0 0 6
+4 6 6 0 0 6
-4 6 6 0 0 6
+4 12 0 0 0 0 0 0 0 0 6
+17 18 12 0 0 12 0 0 0 0 6
fi=(203) ./malloc/./malloc/arena.c
153 18 0 0 0 0 0 0 0 0 6 6
fe=(202)
3398 18 0 6
cfn=(1952) _int_free
calls=550 4495 
* 792 222 144 0 54 3 0 0 0 132 13
+3 6 0 6
+1 36 30

fn=(716) _int_malloc
3846 11 1 7
1326 2 0 0 0 0 0 0 0 0 1 1
+19 6 0 0 0 0 0 0 0 0 1
3887 2 0 0 0 0 0 0 0 0 1
1794 1 1
3914 2 0 0 0 0 0 0 0 0 1
+63 2 0 0 0 0 0 0 0 0 1
+62 20 0 0 0 0 0 0 0 0 4
+1 3 1 0 0 1 0 0 0 0 1
+20 1 1
-1 1
-1 1
+1 2 0 1
+1 2 1 0 0 0 0 0 0 0 1
-2 2 1
+12 5 1 1 0 1 0 0 0 0 1
-1 2 0 1
+4 2 1 0 0 1
+1 1
+2 2 0 0 0 0 0 0 0 0 1
-3 2 1
+1 1
+2 2 0 0 0 0 0 0 0 0 1
+1 6 2 0 0 1 0 0 0 0 2 1
+2 2 2 0 0 2
+1 8 0 0 0 0 0 0 0 0 4 1
+2 8 2 0 0 0 0 0 0 0 2
-10 2 2
+12 4 2 0 0 1 0 0 0 0 2
+1 4 2 0 0 0 0 0 0 0 2 1
+2 4 0 0 0 0 0 0 0 0 2
+11 6 0 0 0 0 0 0 0 0 3 1
+29 2 0 2
+1 2 0 2
+4 4 0 0 0 0 0 0 0 0 2
+29 4 0 0 0 0 0 0 0 0 2 1
+8 4 0 0 0 0 0 0 0 0 1 1
+1 1
+1 1 1 0 0 1 0 0 1
-1 1
+4 2 0 0 0 0 0 0 0 0 1
4487 12 9 0 0 0 0 0 0 0 1
4163 2 0 1
+1 3
+1 1 1 0 0 1 0 0 1
-1 1
+57 2 1
+9 1 0 1
-9 2
+9 1 1
-9 3 0 1 0 0 1
+1 1 0 1
+1 1 0 1
+1 1 0 1
+1 1 0 1
+6 2 0 0 0 0 0 0 0 0 1
-10 2 1
+9 1 0 1
-9 2
+9 1 1
-9 3 0 1
+1 1 0 1
+1 1 0 1
+1 1 0 1
+1 1 0 1
+6 2 0 0 0 0 0 0 0 0 1 1
4070 6 2 0 0 0 0 0 0 0 2 1
4246 2 0 0 0 0 0 0 0 0 1 1
+11 3 0 0 0 0 0 0 0 0 1
+2 3
+3 1 1 0 0 1 0 0 1
-3 1
+3 2 0 0 0 0 0 0 0 0 1
+1 1
+71 3
-4 1
+1 1
+1 1
-1 1
+1 1
+1 2 1
+1 3
+5 4 0 0 0 0 0 0 0 0 1
-99 8 2 2 0 0 0 0 0 0 2
-79 1
+8 5 0 1
+49 1
-48 1
+48 3 0 1 0 0 1
4343 3 0 0 0 0 0 0 0 0 1 1
4443 1 1
+1 2 1 0 0 1 0 0 1
+2 2 1 0 0 0 0 0 0 0 1
+3 3 0 0 0 0 0 0 0 0 1
+11 3 0 1
cfn=(724)
calls=1 1985 
* 4 2 0 0 0 0 0 0 0 1
+1 1
-9 2
+2 2
-1 1 0 1
+1 1
-3 1
+3 1
+2 1
-2 4 0 1
+2 1 0 1 0 0 1 0 0 1
+3 2

fn=(704)
3294 8 0 4
+7 2 1 0 0 1 0 0 0 0 1
1326 2 0 0 0 0 0 0 0 0 1
+19 5 0 0 0 0 0 0 0 0 1
3311 2
+2 4 2 0 0 2 0 0 0 0 1
+3 2 1 0 0 1 0 0 0 0 1
+10 2 1 0 0 1 0 0 0 0 1 1
+28 6 5
-26 4 0 1
cfn=(716)
calls=1 3846 
* 279 47 35 0 11 3 0 4 1 52 11
+1 5 1 0 0 0 0 0 0 0 2
fi=(203)
153 2 0 0 0 0 0 0 0 0 1 1
fe=(202)

fn=(1956) _int_free_maybe_consolidate
4770 66 6 42
+6 12 0 0 0 0 0 0 0 0 6
+22 66 54 0 0 0 0 0 0 0 6

fn=(1952)
4495 42 0 24
+4 18 6
+6 24 0 0 0 0 0 0 0 0 6
+1 12 0 0 0 0 0 0 0 0 6
+4 30 0 0 0 0 0 0 0 0 12 1
+8 24 12 0 0 0 0 0 0 0 6
-1 12
+1 12 6 0 0 6 0 0 0 0 6
1792 6 6 0 0 6
4561 12 0 0 0 0 0 0 0 0 6
+76 12 6 0 0 0 0 0 0 0 6
+3 12 6 0 0 6 0 0 0 0 6
+18 6
-12 6
+12 24 24
-12 6
cfn=(1954) _int_free_merge_chunk
calls=550 +19 
* 534 156 120 0 36 3 0 0 0 78 12

fn=(1954)
4665 30 0 24
+1 6
-1 18 0 12
+5 36 6 0 0 6 0 0 0 0 6
+3 12 6 0 0 6 0 0 0 0 6
+5 18 6 0 0 6 0 0 0 0 6
+3 12
+1 12 0 0 0 0 0 0 0 0 6
+1 12 6 0 0 6 0 0 0 0 6
1992 18 6 0 0 0 0 0 0 0 6
4689 12 6 0 0 0 0 0 0 0 6 6
+25 12 6 0 0 0 0 0 0 0 6
+6 12 6 0 0 6 0 0 0 0 6
+4 6 0 6
+9 6 6
-1 6
+1 18
+1 12 6 0 0 6 0 0 0 0 6
+2 6 0 6
+2 12 0 0 0 0 0 0 0 0 6 6
+5 6 0 6
+1 6 0 6
+2 18 0 6
+1 6 0 6
-45 6
-1 12
+1 36 36
-1 6
cfn=(1956)
calls=1040 +69 
* 144 60 42 0 0 0 0 0 0 12
+39 18 0 6 0 0 3

fl=(269) ./csu/../sysdeps/nptl/libc_start_call_main.h
fn=(2052) (below main)
cob=(11)
cfi=(266)
cfn=(2060)
calls=0 78 
58 833192393 171867211 56891515 0 4884384 2059718 0 263874 157222 83294612 6960774 69452 280

fl=(211)
fn=(750)
158 1
+1 2
+5 1
+1 1 0 0 0 0 0 0 0 0 1
+1 1
+1 1
+1 1 0 0 0 0 0 0 0 0 1 1
+69 1 1 0 0 1
+1 1 0 0 0 0 0 0 0 0 1 1
+87 1
+1 1
+1 1
+1 65537 0 65536 0 0 1024 0 0 1023 65537 1
+1 1
+1 2 1 0 0 1

fl=(264)
fn=(2024)
cfi=(269)
cfn=(2052)
calls=0 29 
360 833192393 171867211 56891515 0 4884384 2059718 0 263874 157222 83294612 6960774 69452 280

totals: 833192393 171867211 56891515 0 4884384 2059718 0 263874 157222 83294612 6960774 69452 280
