# callgrind format
version: 1
creator: callgrind-3.22.0
pid: 801880
cmd:  /home/max/projects/corintho-ai/bench/results/long-profile-2026-09-23/bin/selfplay_nn - /home/max/projects/corintho-ai/bench/results/long-profile-2026-09-23/model.mlp 48 1600 16 1 901
part: 5


desc: I1 cache: 65536 B, 64 B, 8-way associative
desc: D1 cache: 32768 B, 64 B, 8-way associative
desc: LL cache: 25165824 B, 64 B, 12-way associative

desc: Timerange: Basic block 3211830767 - 3912795405
desc: Trigger: dump

positions: line
events: Ir Dr Dw I1mr D1mr D1mw ILmr DLmr DLmw Bc Bcm Bi Bim
summary: 1150718799 222638125 76067277 6 5662771 2291813 6 377007 270640 121526966 5344197 59875 443


ob=(9) /usr/lib/x86_64-linux-gnu/libstdc++.so.6.0.33
fl=(222) ???
fn=(2076) operator new(unsigned long)
0 1298 0 354 0 0 33
cob=(4) ???
cfi=(178) ???
cfn=(1534) 0x0000000004ca7210
calls=118 0 
0 29252 5584 3287 2 1533 464 2 3 142 4948 231 118 118
0 590 354 0 0 0 0 0 0 0 118

fn=(2148) operator new[](unsigned long)
0 236
cob=(4)
cfi=(178)
cfn=(2072) 0x0000000004ca6cc0
calls=118 0 
0 31376 6056 3641 2 1651 497 2 3 142 5066 231 236 118

ob=(1) /usr/lib/x86_64-linux-gnu/ld-linux-x86-64.so.2
fl=(1) ???
fn=(0) 0x000000000001f540
cob=(11) /home/max/projects/corintho-ai/bench/results/long-profile-2026-09-23/bin/selfplay_nn
cfi=(263) ???
cfn=(2022) (below main)
calls=0 0 
0 1150718799 222638125 76067277 6 5662771 2291813 6 377007 270640 121526966 5344197 59875 443

ob=(4)
fl=(178)
fn=(2072)
0 236 118 0 0 118 0 0 0 0 0 0 118
cob=(9)
cfi=(222)
cfn=(2076)
calls=118 0 
0 31140 5938 3641 2 1533 497 2 3 142 5066 231 118 118

fn=(2212) 0x000000000010a520
0 236 118 0 0 116 0 0 0 0 0 0 118
cob=(2) /usr/lib/x86_64-linux-gnu/libc.so.6
cfi=(211) ./string/../sysdeps/x86_64/multiarch/memset-vec-unaligned-erms.S
cfn=(750) __memset_avx2_unaligned_erms
calls=325 158 
0 7735254 236 7733248 0 221 120832 0 0 120737 7733720 121

fn=(2610) 0x000000000010a810
0 19872 9936 0 0 9744 0 0 0 0 0 0 9936 118
cob=(8) /usr/lib/x86_64-linux-gnu/libgomp.so.1.0.0
cfi=(188) ???
cfn=(2612) GOMP_loop_ull_dynamic_next
calls=9936 0 
0 247158 79488 29394 0 36543 0 0 0 0 39744 1016

fn=(2078) 0x000000000010a590
0 98106 49053 0 0 7458 0 0 0 0 0 0 49053 207
cob=(2)
cfi=(243) ./string/../sysdeps/x86_64/multiarch/memmove-vec-unaligned-erms.S
cfn=(1900) __memcpy_avx_unaligned_erms
calls=49053 255 
0 608665 152763 101842 0 10149 34674 0 683 11516 123920 2056

fn=(2402) 0x000000000010a450
0 236 118 0 0 118 0 0 0 0 0 0 118
cob=(9)
cfi=(222)
cfn=(2148)
calls=118 0 
0 31612 6056 3641 2 1651 497 2 3 142 5066 231 236 118

fn=(2452) 0x000000000010a6e0
cob=(8)
cfi=(188)
cfn=(2454) GOMP_parallel
calls=414 0 
0 1150718799 222638125 76067277 6 5662771 2291813 6 377007 270640 121526966 5344197 59875 443

fn=(1534)
0 236 118 0 0 118 0 0 0 0 0 0 118 118
cob=(2)
cfi=(202) ./malloc/./malloc/malloc.c
cfn=(704) malloc
calls=118 3294 
0 29016 5466 3287 2 1415 464 2 3 142 4948 231

fn=(2530) 0x000000000010a5e0
0 414 207 0 0 0 0 0 0 0 0 0 207
cob=(8)
cfi=(188)
cfn=(2532) GOMP_loop_ull_dynamic_start
calls=207 0 
0 30636 8487 7659 0 0 0 0 0 0 3726 693

fn=(2616) 0x000000000010a4f0
0 414 207 0 0 207 0 0 0 0 0 0 207
cob=(8)
cfi=(188)
cfn=(2618) GOMP_loop_end_nowait
calls=414 0 
0 8073 3105 1863 0 414 414 0 0 0 1242 285

ob=(8)
fl=(188)
fn=(2532)
0 8487 1863 2484 0 0 0 0 0 0 828 170
cfn=(2534) 0x0000000000024750
calls=207 0 
0 11592 3519 3519 0 0 0 0 0 0 1035 129
0 10557 3105 1656 0 0 0 0 0 0 1863 394

fn=(2612)
0 247158 79488 29394 0 36543 0 0 0 0 39744 1016

fn=(2534)
0 6417 1449 1863 0 0 0 0 0 0 828 129
cfn=(2504) 0x0000000000024680
calls=414 0 
0 3519 828 1449 0 0 0 0 0 0 207
0 1656 1242 207

fn=(2454)
cob=(11)
cfi=(298) /home/max/projects/corintho-ai/bench/../corintho_ai/cpp/src/trainer.cpp
cfn=(2528) Trainer::doIteration(float*, float*, int) [clone ._omp_fn.0]
calls=207 206 
0 1150718799 222638125 76067277 6 5662771 2291813 6 377007 270640 121526966 5344197 59875 443

fn=(2504)
0 3519 828 1449 0 0 0 0 0 0 207

fn=(2618)
0 8073 3105 1863 0 414 414 0 0 0 1242 285

ob=(11)
fl=(266) /home/max/projects/corintho-ai/bench/selfplay_nn.cpp
fn=(2060) main
fi=(298)
cob=(4)
cfi=(178)
cfn=(2452)
calls=207 0 
206 1150718799 222638125 76067277 6 5662771 2291813 6 377007 270640 121526966 5344197 59875 443
fe=(266)

fl=(308) /home/max/projects/corintho-ai/bench/../corintho_ai/cpp/src/node.cpp
fn=(2734) Node::Node(Game const&, Node*, Node*, int, int)
38 321512 0 160756
+2 160756
fi=(309) /home/max/projects/corintho-ai/bench/../corintho_ai/cpp/src/game.cpp
307 160756
fe=(308)
40 160756
fi=(309)
305 160756
fe=(308)
38 1286048 0 803780 0 0 30
+2 160756 160756 0 0 47018 0 0 5625
-2 482268 160756 160756 0 2482
fi=(323) /home/max/projects/corintho-ai/bench/../gsl/include/gsl/util
+63 160756 0 160756 0 0 123118 0 0 18111
fi=(309)
297 160756
fe=(308)
40 482268 160756 321512 0 0 6098
+2 160756
fi=(309)
305 160756
+2 160756 160756 0 0 27325
fe=(308)
42 321512 0 321512
fi=(309)
307 160756
+1 160756 160756
fe=(308)
42 321512 0 321512
fi=(323)
+59 160756 0 160756
fe=(308)
-59 321512 0 321512
fi=(309)
308 160756 0 0 0 0 0 0 0 0 160756 27073
+2 685990 274396
+1 137198
-1 137198
+1 137198 137198 274396 0 0 48
-1 137198 0 137198
+13 137198
fe=(308)
45 137198
fi=(309)
323 274396 137198 411594
+4 411594 0 137198
fe=(308)
45 137198 0 137198 0 0 31
cfi=(309)
cfn=(2592) Node::initializeEdges()
calls=137198 340 
* 129611570 9640019 16149887 0 218043 194192 0 43699 68322 14847045 754500 248 62
fi=(309)
323 23558
fe=(308)
45 23558
fi=(309)
323 47116 23558 70674 0 0 9
+4 70674 0 23558
fe=(308)
45 23558 0 23558 0 0 2
cfi=(309)
cfn=(2592)
calls=23558 340 
* 22726283 1684257 2763607 0 33796 32042 0 7783 10018 2526356 130160 36 9
+3 160756 160756 0 0 21
225 160756 160756 0 0 71
+1 643024 321512 0 0 101 0 0 0 0 160756 74133
+38 93686 93686
-1 187372 0 93686
+1 187372 0 93686 0 0 1567 0 0 1077
48 93686 0 93686 0 0 6
+1 281058 187372 0 0 37 0 0 0 0 93686 131
263 134140 0 67070
+1 134140 0 67070 0 0 4831
48 67070 0 67070 0 0 20
+1 201210 134140 0 0 17 0 0 0 0 67070
+1 160756
-1 160756
+1 964536 964536 0 0 88
-1 160756
cfn=(2730) Node::syncStats()
calls=160756 269 
* 3707540 1605022 482268 0 28 39507 0 0 6577 326588 2654
fi=(309)
313 23558 23558
+6 23558
-6 23558
+6 47116
-1 47116
+2 23558
-10 23558 23558
+10 47116
fe=(308)
-84 67070
+6 67070 67070 0 0 9
-4 286297 0 0 0 0 0 0 0 0 67070 19573
fi=(304) /home/max/projects/corintho-ai/bench/../corintho_ai/cpp/include/arena.h
68 101438 50719 0 0 0 0 0 0 0 50719
fe=(308)
238 28966
fi=(304)
68 32702 16351 0 0 0 0 0 0 0 16351
fi=(320) /home/max/projects/corintho-ai/bench/../corintho_ai/cpp/include/node.h
191 67070
fi=(304)
90 67070
fi=(320)
192 67070
-1 67070 0 67070 0 0 34
+1 134140
fi=(304)
89 134140 0 0 0 0 0 0 0 0 67070 831
+3 65404
-48 335350 67070 0 0 0 0 0 0 0 67070 714
+2 53040 53040 0 0 52035 0 0 1558
fe=(308)
246 53040
fi=(304)
46 53040 0 53040
fe=(308)
246 53040 0 0 0 0 0 0 0 0 53040
+14 67070 0 67070 0 0 8
+3 67070 67070
fi=(323)
101 134140 0 67070
fe=(308)
239 32702 0 0 0 0 0 0 0 0 16351 7322
+1 23116 0 0 0 0 0 0 0 0 6246 2305
fi=(304)
49 56120 0 14030
+1 42090 14030 0 0 0 0 0 0 0 14030 17
+2 14013 14013 0 0 224
+1 14013 14013
+1 14013
-1 14013
fe=(308)
246 14013
fi=(304)
53 14013 0 14013
+1 14013 0 14013
fe=(308)
246 14013 0 0 0 0 0 0 0 0 14013
fi=(304)
53 17 17
+1 17
-1 17
fe=(308)
246 17
fi=(304)
53 17 0 17
+1 17 0 17 0 0 17
fe=(308)
246 17 0 0 0 0 0 0 0 0 17 8
+3 16351 16351 0 0 9
-1 16351 16351
fi=(321) /usr/include/x86_64-linux-gnu/bits/string_fortified.h
29 16351
fe=(308)
250 16351
fi=(321)
29 16351
fe=(308)
250 16351 0 16351
fi=(321)
29 32702 0 32702
cob=(4)
cfi=(178)
cfn=(2078)
calls=16351 -29 
* 237489 71008 36438 0 17592 11096 0 683 4864 38306 1043 16351 207
fe=(308)
252 16351 16351
-1 16351 16351
+1 16351
fi=(321)
29 16351
fe=(308)
251 16351 16351
+1 32702 0 16351
-1 49053 0 16351
fi=(321)
29 16351
fe=(308)
252 16351 0 16351
-1 16351 0 16351
fi=(321)
29 32702 0 32702
cob=(4)
cfi=(178)
cfn=(2078)
calls=16351 -29 
* 234641 65404 32702 0 11 15190 0 0 4592 42807 500 16351
fe=(308)
254 16351 16351
fi=(321)
29 32702 16351
fe=(308)
253 16351 16351
+1 32702
-1 32702
fi=(321)
29 32702 0 32702
cob=(4)
cfi=(178)
cfn=(2078)
calls=16351 -29 
* 234641 65404 32702 0 4 8388 0 0 2060 42807 513 16351
fe=(308)
257 16351 16351
fi=(321)
29 65404 49053
fe=(308)
256 16351
+1 16351
fi=(321)
29 98229 16351 0 0 0 0 0 0 0 40939
fi=(320)
192 49053
fi=(304)
68 32702 16351 0 0 0 0 0 0 0 16351 4192
+22 16351
-1 32702 0 0 0 0 0 0 0 0 16351
+3 24984
-30 24984 6246 6246
+1 12492 0 6246
-1 40420 10105 10105
+1 20210 0 10105
fi=(321)
-34 22416 3736 3736 0 0 1771 0 0 863 1868 162
fe=(308)
239 20210
fi=(277) /usr/include/c++/13/bits/unique_ptr.h
1085 34 0 17
cob=(4)
cfi=(178)
cfn=(2402)
calls=17 0 
* 4349 849 487 0 253 31 0 0 20 680 27 51 17
* 68 0 17
cob=(4)
cfi=(178)
cfn=(2212)
calls=17 0 
* 1114435 51 1114112 0 48 17408 0 0 17395 1114180 17 17
176 17 0 17 0 0 17
fi=(282) /usr/include/c++/13/bits/vector.tcc
-62 51 34 0 0 17 0 0 0 0 17 17
fi=(307) /usr/include/c++/13/tuple
302 17 0 17 0 0 17 0 0 5
fi=(282)
119 34 0 17
fi=(277)
+80 17 17
fi=(304)
79 34
fi=(321)
-50 92625 28966 28966 0 4 8102 0 0 1489 10105
fe=(308)

fn=(2790) Node::~Node()
23 768 0 576
+1 192 192
-1 192
+1 384 0 0 0 0 0 0 0 0 192
fi=(304)
+44 384 192 0 0 23 0 0 0 0 192
fi=(320)
191 192 192 0 0 96 0 0 60
fe=(308)
25 192 192
fi=(320)
192 576
fi=(304)
59 384 0 0 0 0 0 0 0 0 192 26
+31 192
-1 384 0 0 0 0 0 0 0 0 192 43
+3 728
-30 728 182 182 0 0 181 0 0 66
+1 182 0 182
fe=(308)
-37 546 182 0 0 0 0 0 0 0 182 1
fi=(304)
+36 40 10 10 0 0 6 0 0 3
+1 10 0 10
fe=(308)
-37 30 10 0 0 0 0 0 0 0 10
fi=(304)
+42 384 192 0 0 0 0 0 0 0 192
-6 384 192 192 0 0 87 0 0 52
+1 192 0 192
fe=(308)
-35 576 192 0 0 21 0 0 11 0 192 52
+1 960 192 192 0 0 0 0 0 0 192
cfn=(2791) Node::~Node()'2
calls=192 -6 
* 5824020 1995002 1178066 0 300061 216694 0 156351 103166 1039935 99116
fi=(304)
+39 384 192 0 0 0 0 0 0 0 192
-6 384 192 192 0 0 138 0 0 34
+1 192 0 192
fe=(308)
-33 768 768 0 0 74

fn=(2791)
23 547684 0 410763 0 0 3527 0 0 30
+1 136921 136921 0 0 133946 0 0 70754
-1 136921
+1 273842 0 0 0 0 0 0 0 0 136921 1750
fi=(304)
+44 270654 135327 0 0 0 0 0 0 0 135327
fi=(320)
191 135327 135327 0 0 131478 0 0 72199
fe=(308)
25 135327 135327
fi=(320)
192 405981
fi=(304)
59 270654 0 0 0 0 0 0 0 0 135327 29563
+31 43231
-1 86462 0 0 0 0 0 0 0 0 43231 8400
+3 32220
-30 32220 8055 8055 0 0 8046 0 0 3395
+1 8055 0 8055
fe=(308)
-37 24165 8055 0 0 0 0 0 0 0 8055
fi=(304)
+36 140704 35176 35176 0 0 35127 0 0 16876
+1 35176 0 35176
fe=(308)
-37 105528 35176 0 0 0 0 0 0 0 35176
fi=(304)
+42 270654 135327 0 0 0 0 0 0 0 135327
-6 270654 135327 135327 0 0 126341 0 0 64121
+1 135327 0 135327
fe=(308)
-35 597759 136921 93498 0 30881 1304 0 13398 0 136921 43473
cfn=(2791)
calls=93498 -5 
* 71853904 24964433 14461442 0 3799811 2627537 0 1962149 1207083 12878802 1084925
fi=(304)
+40 186996 93498 0 0 0 0 0 0 0 93498 164
-6 186996 93498 93498 0 0 29041 0 0 13039
+1 93498 0 93498
fe=(308)
-34 497225 136921 43231 0 2307 23 0 0 0 136921 15765
cfn=(2791)
calls=43231 -6 
* 16774709 5801856 3336731 0 889191 601695 0 455452 285602 3010355 305831
fi=(304)
+39 86462 43231 0 0 0 0 0 0 0 43231 1
-6 86462 43231 43231 0 0 13285 0 0 5705
+1 43231 0 43231
fe=(308)
-33 547684 547684 0 0 1449

fn=(2730)
269 12101088 4033696 0 0 56591 0 0 5068 0 4033696 172224
+2 3541339 3541339 0 0 391133
+5 7082678 7082678
-3 10624017 7082678 0 0 391171
+1 3541339
+2 3541339 0 3541339 0 0 428012 0 0 1403
-2 3541339
+3 14165356 3541339 3541339 0 0 253465 0 0 1148
112 3541339 3541339
279 7147468 0 0 0 0 0 0 0 0 3567255 10538
+2 492357 492357
-2 3528381 3528381
-1 7056762 0 3528381 0 0 218206 0 0 3939
+3 3528381 3528381
-3 25916 0 12958 0 0 559 0 0 87
+3 12958 12958

fl=(298)
fn=(2528)
206 2070 0 1242
fi=(280) /usr/include/c++/13/bits/stl_vector.h
993 207
fe=(298)
206 1863 828 207
fi=(280)
993 621 414 207
fe=(298)
206 414 207 207
fi=(280)
993 621
fe=(298)
206 207 0 207
fi=(280)
992 828 0 621
cob=(4)
cfi=(178)
cfn=(2530)
calls=207 0 
* 31050 8694 7659 0 0 0 0 0 0 3726 693 207
* 1035 414 207 0 0 0 0 0 0 207
cob=(4)
cfi=(178)
cfn=(2616)
calls=207 0 
* 8487 3312 1863 0 621 414 0 0 0 1242 285 207
fe=(298)
206 32085 21735 9936 0 8911 0 0 0 0 207 59
cob=(4)
cfi=(178)
cfn=(2610)
calls=9936 0 
* 267030 89424 29394 0 46287 0 0 0 0 39744 1016 9936 118
* 79488 19872 0 0 0 0 0 0 0 19872 1238
+2 29808 19872 0 0 17835 0 0 0 0 9936
fi=(280)
993 29808 19872 0 0 8820
fe=(298)
214 9936 9936
fi=(280)
993 29808
fi=(268) /usr/include/c++/13/bits/stl_algobase.h
262 19872 0 0 0 0 0 0 0 0 9936
fe=(298)
-46 9936 9936
-2 19872 0 0 0 0 0 0 0 0 9936
+5 9936 9936 0 0 8782
fi=(280)
1129 9936
fe=(298)
218 9936 9936
+1 19872
fi=(280)
1129 9936
fe=(298)
219 9936
-1 29808 9936
fi=(300) /home/max/projects/corintho-ai/bench/../corintho_ai/cpp/src/selfplayer.cpp
-95 49680 9936 9936 0 9729
cfi=(301) /home/max/projects/corintho-ai/bench/../corintho_ai/cpp/src/trainmc.cpp
cfn=(2556) TrainMC::doIteration(float*, float*)
calls=9936 +21 
* 1137171482 219088168 74488488 2 5228240 2062130 2 200525 165522 119666540 5206281 48967 323
+2 19872 0 0 0 0 0 0 0 0 9936
+1 192 0 96
cfn=(2776) SelfPlayer::chooseMoveAndContinue()
calls=96 253 
* 12802975 3305697 1517007 4 333546 229269 4 176482 105118 1755588 134624 558 2
fe=(298)
+95 192 0 0 0 0 0 0 0 0 96 1

fl=(263)
fn=(2022)
cob=(2)
cfi=(264) ./csu/../csu/libc-start.c
cfn=(2024) __libc_start_main@@GLIBC_2.34
calls=0 242 
0 1150718799 222638125 76067277 6 5662771 2291813 6 377007 270640 121526966 5344197 59875 443

fl=(300)
fn=(2780) SelfPlayer::chooseMove() [clone .part.0]
241 1152 96 672
+5 672 96 96 0 0 96
cfi=(301)
cfn=(2782) TrainMC::chooseMove(float*, float*)
calls=96 116 
* 3470447 1168075 681948 2 174981 126118 2 62683 40551 620539 57692
fi=(282)
114 192 192 0 0 77
fe=(300)
246 96
fi=(282)
114 384 192 0 0 150 0 0 0 0 96 1
+5 3072 1440 1536 0 548 701 0 0 1
fi=(326) /home/max/projects/corintho-ai/bench/../corintho_ai/cpp/include/selfplayer.h
-97 4896 2400 2496 0 79 1241 0 0 999
fi=(282)
+97 192 0 96
fe=(300)
251 1152 864 0 0 79 0 0 0 0 96 67

fn=(2776)
253 1152 96 672
+5 96
fi=(277)
-59 96 96 0 0 52 0 0 32
fe=(300)
+60 192 0 0 0 0 0 0 0 0 96
+4 672 288 0 0 2 0 0 0 0 96
-21 192 96 0 0 24 0 0 15 0 96
fi=(277)
-43 96 96 0 0 20
fe=(300)
+68 192 0 0 0 0 0 0 0 0 96 2
+4 576 288 0 0 97
fi=(308)
108 96
fe=(300)
271 192 0 0 0 0 0 0 0 0 96
+5 288 0 96
+2 672 96 0 0 96 0 0 17 0 96
+8 192 192 0 0 96 0 0 69
fi=(301)
-97 192 0 0 0 0 0 0 0 0 96
-2 96
+1 192
+7 151 151 0 0 67 0 0 48
-6 603 0 0 0 0 0 0 0 0 151 1
fi=(308)
81 150 150 0 0 150 0 0 96
fi=(301)
190 300 0 0 0 0 0 0 0 0 150 34
fi=(308)
81 96 96 0 0 96 0 0 69
fi=(301)
190 192 0 0 0 0 0 0 0 0 96 33
506 190 0 0 0 0 0 0 0 0 95 1
+4 32 32
+1 32 32 0 0 19 0 0 13
fi=(308)
133 64 0 32
284 96 0 32
fi=(301)
517 96 0 64 0 0 32
cfi=(308)
cfn=(2790)
calls=32 23 
* 1466573 502045 296636 0 76034 54466 0 56071 37183 261797 25728
fi=(308)
133 63
284 189 0 63
fi=(301)
517 189 0 126 0 0 44
cfi=(308)
cfn=(2790)
calls=63 23 
* 957784 328128 193617 0 49974 35763 0 36597 24112 171071 15884
fi=(304)
68 285 190 0 0 72 0 0 0 0 95
-6 190 95 95 0 0 79 0 0 15
fi=(301)
518 95
fi=(304)
63 95 0 95
fi=(301)
518 95
+2 95 0 95 0 0 78 0 0 15
fe=(300)
294 190
fi=(301)
518 95 0 95 0 0 18
fe=(300)
294 475 95 95 0 74
cfi=(301)
cfn=(2556)
calls=95 144 
* 6822718 1278048 325643 0 27351 8363 0 18526 763 689520 34228 558 2
-36 190 0 0 0 0 0 0 0 0 95
+39 96
+1 1056 864 0 2 186 0 2 0 0 96
fi=(325) /home/max/projects/corintho-ai/bench/../corintho_ai/cpp/src/move.cpp
21 192 0 96
cfi=(300)
cfn=(2780)
calls=96 241 
* 3482255 1173355 686844 2 175914 128156 2 62683 41551 620731 57760
* 192
fi=(301)
199 4 0 3 0 0 1
cfi=(308)
cfn=(2790)
calls=1 23 
* 61183 20980 12393 0 3184 2260 0 2226 1478 10919 946
fi=(304)
68 4 3 0 0 1 0 0 0 0 1 1
-6 1 1
fi=(301)
202 1
fi=(308)
89 1
fi=(301)
202 1
fi=(304)
62 1 0 1 0 0 1
+1 1 0 1
fi=(301)
201 4 0 1 0 0 1
+1 1 0 1
cfn=(2806) TrainMC::createRoot(Game const&, int)
calls=1 +9 
* 1099 91 123 0 3 0 0 1 0 98 6
+2 1 1
fi=(321)
29 1
fi=(301)
204 1 1 0 0 1 0 0 1
fi=(309)
+80 1
fi=(267) /usr/include/c++/13/bitset
506 1 1
fi=(309)
278 2
fi=(321)
29 6 2 1 0 1 1
fi=(309)
278 2
fi=(321)
29 3 1 1 0 0 1
fi=(309)
278 2
fi=(321)
29 3 1 1
fi=(309)
278 2
fi=(321)
29 3 1 1 0 1
fi=(309)
278 2
fi=(321)
29 3 1 1
fi=(309)
278 2
fi=(321)
29 3 1 1 0 0 1
fi=(309)
278 2
fi=(321)
29 3 1 1
fi=(309)
278 2
fi=(321)
29 3 1 1
fi=(309)
278 2
fi=(321)
29 3 1 1
fi=(309)
278 2
fi=(321)
29 3 1 1 0 0 1
fi=(309)
278 2
fi=(321)
29 3 1 1
fi=(309)
278 2
fi=(321)
29 3 1 1
fi=(309)
278 2
fi=(321)
29 3 1 1 0 1
fi=(309)
278 2
fi=(321)
29 2 0 1 0 0 1
fi=(309)
278 1
fi=(321)
29 4 2 1
fi=(309)
284 1 1 0 0 1
fi=(321)
29 1 0 1
fi=(309)
284 27 2
-1 1 0 1
+1 14 1
-1 1 0 1
+1 14 1
-1 1 0 1
+1 15 1
-1 1 0 1
+1 13 1
-1 1 0 1 0 0 1
+1 1 1
fi=(280)
1283 2 2
fi=(309)
284 2
-1 1 0 1
fi=(280)
1283 1 0 0 0 0 0 0 0 0 1
fi=(281) /usr/include/c++/13/bits/new_allocator.h
191 1 1
fi=(280)
1288 1
fi=(281)
191 1 0 1 0 0 1 0 0 1
fi=(280)
1288 1 0 1
fi=(301)
207 3 0 1
fe=(300)
+82 1
fi=(301)
508 63 63 0 0 29 0 0 18
fi=(308)
137 63 0 63
+1 63
fe=(300)

fl=(278) /home/max/projects/corintho-ai/bench/../corintho_ai/cpp/src/mlp.cpp
fn=(2704) (anonymous namespace)::dense(float const*, int, int, int, float const*, float const*, int, float*, bool)

fn=(2688) Mlp::evaluateParallel(float const*, int, float*, float*, int) const [clone ._omp_fn.0]

fl=(309)
fn=(2592)
340 160757
fi=(308)
+28 160757 0 160757
fe=(309)
-26 160757
fi=(308)
+26 1446813 0 964542 0 0 101
fi=(267)
506 482271 160757 160757 0 0 4
fe=(309)
341 160757
fi=(267)
506 160757 160757
fe=(309)
340 160757
+21 160757
-21 160757
+21 160757
-20 160757
-1 160757
+1 482271
+1 482271
+1 160757
-1 160757
+1 482271
+17 321514
-17 160757
-3 160757
+1 643028
+1 643028
+1 482271
-2 321514
+2 160757
-2 321514
+1 643028
+1 482271
+1 160757
+21 160757
-21 160757
-1 160757
-3 160757
+4 1607570 0 321514
-3 482271
+28 160757
-1 160757 0 160757 0 0 54
-27 643028 0 160757
+29 321514 0 160757
-28 964542 0 321514
+1 643028
+1 482271
+22 321514
-22 160757
+26 160757
-4 482271 0 160757
+4 803785 0 160757
59 160757
+2 160757 160757
+1 321514 0 0 0 0 0 0 0 0 160757 10807
-1 321514 321514
+1 643028 0 0 0 0 0 0 0 0 321514 7044
-2 1768327 321514 0 0 0 0 0 0 0 482271 22617
+55 482271 321514
+3 964542 160757
+1 160757
-1 321514 0 160757
+3 160757 160757
-13 321514 160757
+9 160757
-1 321514 160757
+1 160757
-1 160757
-1 160757
+2 160757
+4 160757 160757
-4 160757 0 160757
-2 160757 0 160757
+6 643028 160757 0 0 0 0 0 0 0 160757 19429
+1 17159 0 17159
-1 803785 321514 0 0 0 0 0 0 0 160757 672
+1 650 0 650
-1 803785 321514 0 0 0 0 0 0 0 160757 127
+1 121 0 121
+7 121
+3 121
-1 121
+4 121
-3 121
-3 121
+2 121
+1 121
+3 121
+7 121 121
-13 121
+12 121 121
+11 121
+1 121
-11 121
+10 121
+1 121
-12 121
+8 121
+4 121
-12 121
+9 121
-1 121
+1 121
-1 121
+1 121
-1 121
+2 121
+4 121
-4 121
+4 121
-4 121
+3 121
+2 121
-2 121
+2 121
-5 121
+3 121
+6 121
-7 121
-13 121 121
+20 121
-1 121
-19 121
+19 121
+1 121
+4 121
-4 242 0 121
+4 121 0 0 0 0 0 0 0 0 121 41
-35 160636
+3 160636
-1 160636
+4 160636
-3 160636
-3 160636
+2 160636
+1 160636
+3 160636
+7 160636 160636
-13 160636
+12 160636 160636
+11 160636
+1 160636
-11 160636
+10 160636
+1 160636
-12 160636
+8 160636
+4 160636
-12 160636
+9 160636
-1 160636
+1 160636
-1 160636
+1 160636
-1 160636
+2 160636
+4 160636
-4 160636
+4 160636
-4 160636
+3 160636
+2 160636
-2 160636
+2 160636
-5 160636
+3 160636
+6 160636
-7 160636
-13 160636 160636
+20 160636
-1 160636
-19 160636
+19 160636
+1 160636
+4 160636
-4 321272 0 160636
+4 160636 0 0 0 0 0 0 0 0 160636 42871
+3 84516
-2 84516
+2 295806
-3 84516 0 0 0 0 0 0 0 0 42258 4598
+1 8514
+2 29799
-3 50772 0 42258 0 0 0 0 0 0 4257 553
+6 321514 0 0 0 0 0 0 0 0 160757 41196
+3 113976 37992
-2 75984
+2 265944
-3 75984 0 0 0 0 0 0 0 0 37992 7417
+1 6974
+2 24409
-3 6974 0 0 0 0 0 0 0 0 3487 334
41 144462 0 37992 0 0 0 0 0 0 37992 4826
fi=(265) /home/max/projects/corintho-ai/bench/../corintho_ai/cpp/include/util.h
+89 15243 0 15243
-11 30486
fi=(324) /home/max/projects/corintho-ai/bench/../corintho_ai/cpp/include/game.h
-31 15243
fi=(265)
+42 15243
-12 60972 0 30486
+12 30486
fe=(309)
+55 15243 15243
-1 15243 15243
+1 76215
fi=(265)
-23 30486
fe=(309)
+23 30486 30486 0 0 12765
fi=(265)
-23 15243 15243 0 0 12047
+1 30486 0 0 0 0 0 0 0 0 15243 3251
fe=(309)
+22 5462 5462
-1 5462 5462
+1 27310
fi=(265)
-23 10924
fe=(309)
+23 10924 10924 0 0 3786
fi=(265)
-23 5462 5462 0 0 1040
+1 56722 0 30532 0 0 0 0 0 0 5462 2054
+1 15266
fi=(324)
-75 15266
fi=(265)
+75 15266
fe=(309)
+27 15266 15266 0 0 6059
fi=(324)
88 15266
+1 30532 0 0 0 0 0 0 0 0 15266 4496
fi=(265)
+75 22279
fi=(324)
-75 22279
fi=(265)
+75 22279
fe=(309)
+27 22279 22279 0 0 4430
fi=(324)
88 22279
+1 44558 0 0 0 0 0 0 0 0 22279 5993
+1 86988 0 0 0 0 0 0 0 0 28996 6414
+1 94092 23523
fi=(265)
+39 94092
+33 47046 0 0 0 0 0 0 0 0 23523 3610
-33 56088
+33 58576 30532 0 0 0 0 0 0 0 14022 3060
+4 30532 15266
+1 30532 0 0 0 0 0 0 0 0 15266 1465
-1 10878 5439
+1 10878 0 0 0 0 0 0 0 0 5439 372
-23 20705 0 20705
+1 20705
fe=(309)
+36 62115 20705 0 0 0 0 0 0 0 20705 6205
fi=(265)
-37 30486 30486
-3 15243
+3 30486 15243 15243
+1 15243
fi=(323)
-45 15243 15243
fi=(265)
+41 45729
fi=(308)
377 15243
fi=(323)
101 15243 0 15243
fi=(308)
373 20319 2538 2538 0 0 0 0 0 0 15243 2733
+20 1768327 1446813 0 0 213 0 0 0 0 160757 585
fe=(309)
71 2796570
+2 466095
-2 2796570
+2 466095
-2 932190
+1 466095
+1 466095
-2 466095
+1 466095
-1 466095
+2 466095
-2 932190
+1 466095
+2 466095
-3 932190
+1 466095
+1 466095
-1 466095
-1 466095
+1 466095
-1 466095
+3 466095
-2 466095
+1 466095
-1 466095
+1 466095
+1 466095
-2 466095
+1 1398285
-1 466095
+1 932190
-1 466095
+1 932190
-1 466095 0 466095
+4 466095
-3 2330475 0 466095 0 0 115
+3 527067 0 0 0 0 0 0 0 0 466095 16292
+3 15243 15243
+1 30486 0 0 0 0 0 0 0 0 15243 5680
-1 45729 45729
+1 91458 0 0 0 0 0 0 0 0 45729 10988
+3 61452
-2 30726
+1 15363
+1 30726 15363 0 0 9278
+1 30726 0 0 0 0 0 0 0 0 15363
-3 5342
+1 2671
+1 5342 2671
+1 5342 0 0 0 0 0 0 0 0 2671
+1 36068
+2 18034
-2 36068 0 18034
-5 51431 0 0 0 0 0 0 0 0 18034 3135
+10 15363 15363
+1 30726 0 0 0 0 0 0 0 0 15363 4
-1 45609 45609
+1 91218 0 0 0 0 0 0 0 0 45609 36
+3 10684
-2 5342
+1 2671
+1 5342 2671
+1 5342 0 0 0 0 0 0 0 0 2671
+1 5342
+2 2671
-2 5342 0 2671
-5 8013 0 0 0 0 0 0 0 0 2671
-13 198159 0 0 0 0 0 0 0 0 60972 16517
fi=(323)
+23 33727 33727
fi=(265)
+41 168635 33727
fi=(323)
-41 33727 0 33727
fi=(304)
-33 316438 158219 0 0 0 0 0 0 0 158219
-24 474657 158219 0 0 0 0 0 0 0 158219 1359
+2 249850 124925 124925 0 118643 0 0 3453
fi=(265)
163 124925 124925
fi=(308)
385 124925 124925
fi=(320)
169 249850 0 249850 0 0 119281 0 0 5571
fi=(265)
-6 124925
fi=(308)
385 124925 0 124925
fi=(265)
163 158219 33294 0 0 0 0 0 0 0 124925 8983
fi=(308)
385 33294 33294
fi=(320)
169 66588 0 66588 0 0 33294 0 0 31
fi=(265)
-6 33294
fi=(308)
385 33294 0 33294 0 0 71
fi=(265)
163 33294 0 0 0 0 0 0 0 0 33294 2343
fi=(308)
386 296142
+4 296142
+1 148071
-1 592284 148071 0 0 6504 0 0 1
fi=(265)
163 148071
fi=(308)
390 148071 0 148071
fi=(265)
163 148071 0 0 0 0 0 0 0 0 148071 11676
fi=(308)
390 2361516
+1 1180758
-1 4723032 1180758 0 0 34569 0 0 22672
fi=(265)
163 1180758
fi=(308)
390 1180758 0 1180758
fi=(265)
163 1180758 0 0 0 0 0 0 0 0 1180758 138182
-1 148071 148071
fi=(308)
386 296142
+4 148071
+1 148071
-1 148071 0 148071
fi=(265)
163 296142 0 0 0 0 0 0 0 0 148071 33
fi=(308)
390 1180758
+1 1180758
-1 1180758 0 1180758
fi=(265)
163 2657658 148071 0 0 0 0 0 0 0 1180758 141571
+5 296142
-1 148071
+1 168367 0 0 0 0 0 0 0 0 148071 2422
-1 10148
+1 166282 0 0 0 0 0 0 0 0 10148
fi=(308)
390 156134
fi=(265)
169 156134
fi=(308)
391 156134
-1 156134 156134 0 0 3048 0 0 1726
fi=(265)
169 312268
fi=(308)
390 468402
fi=(265)
168 156134
fi=(308)
390 156134 0 156134
fi=(265)
168 156134 0 0 0 0 0 0 0 0 156134 3305
fi=(308)
390 2959760
fi=(265)
169 2959760
fi=(308)
391 2959760
-1 2959760 2959760 0 0 38061 0 0 23631
fi=(265)
169 5919520
fi=(308)
390 8879280
fi=(265)
168 2959760
fi=(308)
390 2959760 0 2959760
fi=(265)
168 3115894 0 0 0 0 0 0 0 0 2959760 154620
fi=(308)
390 156134
+1 156134
-1 156134 0 156134
fi=(265)
168 312268 0 0 0 0 0 0 0 0 156134 611
fi=(308)
390 2959760
+1 2959760
-1 2959760 0 2959760
fi=(265)
168 6075654 0 0 0 0 0 0 0 0 2959760 154618
fi=(304)
50 99882 33294 0 0 0 0 0 0 0 33294 1467
+2 33223 33223 0 0 67
+2 66446 0 33223
-1 66446 0 33223
+2 33223
-1 71 0 71 0 0 71
-1 142 0 71
+2 71
fe=(309)
-14 245530 0 0 0 0 0 0 0 0 122765 7830
fi=(265)
142 111787
fi=(323)
-41 111787 111787
fi=(265)
+41 447148 111787
fi=(323)
-41 111787 0 111787
fi=(308)
373 111787 0 0 0 0 0 0 0 0 111787 4
fi=(277)
1085 142 0 71
cob=(4)
cfi=(178)
cfn=(2402)
calls=71 0 
* 18661 3563 2097 0 1057 397 0 0 80 2982 145 213 71
* 284 0 71
cob=(4)
cfi=(178)
cfn=(2212)
calls=71 0 
* 4654405 213 4653056 0 202 72704 0 0 72649 4653340 74 71
176 71 0 71 0 0 71
fi=(282)
-62 213 142 0 0 71 0 0 0 0 71
fi=(307)
302 71 0 71 0 0 71 0 0 9
fi=(282)
119 142 0 71
fi=(277)
+80 71 71
fi=(304)
79 142
fi=(308)
386 20296
fe=(309)

fl=(301)
fn=(2556)
144 140434 10031 90279 0 0 96
-75 10031 10031 0 0 9828
+75 40124 10031 20062 0 74
+4 20062 0 0 0 0 0 0 0 0 10031 9100
+15 30093 10031 0 0 2484 0 0 0 0 10031 19
fi=(280)
993 20062 20062 0 0 3601 0 0 16
fe=(301)
172 29998 9936 0 0 0 0 0 0 0 10031 1
299 19872 0 9936
-70 29808 19872 9936 0 221
+71 9936 9936
+1 9936
+19 9936 0 9936
-20 19872 9936 9936 0 9853
+1 99360 9936 9936 0 9903 0 0 0 0 9936
-1 148283 148283
+1 148283
+19 148283 0 148283
-20 296566 148283 148283 0 16641
+1 2432144 148283 306502 0 147567 27 0 0 0 306502 1
fi=(308)
85 158219 158219
fe=(301)
301 316438
+1 474657 158219
-78 474657 158219 0 0 35904 0 0 0 0 158219
-1 158219 158219
+1 158219
-1 316438
fi=(308)
98 316438 158219 0 0 131298
fe=(301)
225 632876 158219 158219 0 122966 46
-1 158219
+2 158219
-2 316438 0 0 0 0 0 0 0 0 158219 3236
fi=(308)
98 8576192 4288096 0 0 118742
fe=(301)
225 17152384 4288096 4288096 0 556086
-1 4288096
+2 4288096
-2 8576192 0 0 0 0 0 0 0 0 4288096 155394
+5 1740409 316438 158219
+1 303751 0 0 0 0 0 0 0 0 158219 3469
+1 727660 145532 145532
-1 145532 0 0 0 0 0 0 0 0 145532 8
+1 436572 145524 145524
-1 145524 0 0 0 0 0 0 0 0 145524 14956
+1 397197 132399 132399
-1 132399 0 0 0 0 0 0 0 0 132399 48932
+1 188235 62745 62745
-1 62745 0 0 0 0 0 0 0 0 62745 6
+1 15 5 5
-1 1478270 145532 0 0 0 0 0 0 0 279811 43191
+1 237705 79235 79235
-1 396175 0 0 0 0 0 0 0 0 79235 14350
+1 599480 119896 119896
-1 359688 0 0 0 0 0 0 0 0 119896 40443
+1 78981
-1 78981
+1 78981 78981
-1 78981
+1 78981 0 78981
-1 78981 0 0 0 0 0 0 0 0 78981 32916
+1 122574 40858 40858
+73 3480818 158219 474657 0 2371 2 0 0 0 316438 3167
-51 158219
-14 316438 0 158219
+1 474657 0 158219
-1 632876
+1 632876
+1 474657
+15 158219
fi=(268)
-18 316438
fe=(301)
+19 316438 0 0 0 0 0 0 0 0 158219 2438
-18 2608080
+1 2608080
+1 1956060
+15 652020
fi=(268)
-18 1304040
fe=(301)
+19 5355235 0 0 0 0 0 0 0 0 652020
+1 810239
-1 810239
+2 810239
-1 2430717 810239 810239 0 81545 83
-1 810239
+3 810239
-3 810239 0 0 0 0 0 0 0 0 810239 24116
+1 3636076
-1 3636076
+2 3636076
-1 10908228 3636076 3636076 0 355745 48
-1 3636076
+3 3636076
-3 3636076 0 0 0 0 0 0 0 0 3636076 109453
-3 5355235 0 0 0 0 0 0 0 0 810239 22585
+9 1740409 791095 158219
+1 303751 0 0 0 0 0 0 0 0 158219 4578
+1 727660 145532 145532
-1 145532 0 0 0 0 0 0 0 0 145532 8
+1 436572 145524 145524
-1 145524 0 0 0 0 0 0 0 0 145524 30170
+1 397197 132399 132399
-1 132399 0 0 0 0 0 0 0 0 132399 32023
+1 188235 62745 62745
-1 62745 0 0 0 0 0 0 0 0 62745 6
+1 15 5 5
-1 1478270 145532 0 0 0 0 0 0 0 279811 39904
+1 237705 79235 79235
-1 396175 0 0 0 0 0 0 0 0 79235 14080
+1 599480 119896 119896
-1 359688 0 0 0 0 0 0 0 0 119896 39320
+1 78981
-1 78981
+1 78981 78981
-1 78981
+1 78981 0 78981
-1 78981 0 0 0 0 0 0 0 0 78981 32692
+1 122574 40858 40858
+4 40858 40858
+3 40858
+22 40858
-22 286006 0 0 0 0 0 0 0 0 40858
-3 117361 117361
+3 117361
+22 117361
-22 1612622 0 158219 0 0 30 0 0 0 275580 2135
+2 158219
-2 158219
+2 316438 0 0 0 0 0 0 0 0 158219 53
-1 158219
+2 474657 316438 158219 0 0 7727
-1 158219
+2 158219
-2 316438 0 0 0 0 0 0 0 0 158219
+1 12864288 8576192 4288096 0 0 119
-1 4288096
+2 4288096
-2 8576192 0 0 0 0 0 0 0 0 4288096 156114
+5 474657 316438
+1 316438 158219
-1 158219
+2 158219
+8 316438 158219
fi=(268)
-27 158219
fi=(308)
-95 158219
fe=(301)
289 158219
fi=(268)
-27 316438
fi=(308)
-95 158219 158219
fe=(301)
281 158219
fi=(308)
167 316438
fe=(301)
291 158219
fi=(308)
167 316438
fe=(301)
281 158219
fi=(308)
167 158219 0 158219
fe=(301)
281 158219 0 0 0 0 0 0 0 0 158219
+8 8576192 4288096
fi=(268)
-27 4288096
fi=(308)
-95 4288096
fe=(301)
289 4288096
fi=(268)
-27 8576192
fi=(308)
-95 4288096 4288096
fe=(301)
281 4288096
fi=(308)
167 8576192
fe=(301)
291 4288096
fi=(308)
167 8576192
fe=(301)
281 4288096
fi=(308)
167 4288096 0 4288096
fe=(301)
281 4288096 0 0 0 0 0 0 0 0 4288096 148628
+12 632876 158219
fi=(308)
147 158219 0 158219
fe=(301)
310 158219 158219
-1 474657 316438
+1 158219 158219 0 0 35172
-1 158219 158219 0 0 16181
+1 158219 0 0 0 0 0 0 0 0 158219 9
+2 872568
fi=(308)
202 1745136 872568 872568 0 91956
+1 872568 0 872568
cfn=(2730)
calls=872568 +66 
* 20070300 8725371 2617704 0 782259 860696 0 0 0 1745754 686
fe=(301)
314 872568 872568
fi=(308)
161 872568 0 872568
+1 872568 0 872568
cfn=(2730)
calls=872568 269 
* 20070300 8725371 2617704 0 0 0 0 0 0 1745754 3251
fe=(301)
315 3490272 872568
+1 1745136 872568 872568
-6 1745136 872568 0 0 86490 0 0 0 0 872568 163504
+9 158219 158219
fi=(308)
202 316438 158219 158219 0 2451
+1 158219 0 158219
cfn=(2730)
calls=158219 +66 
* 632876 316438 0 0 0 0 0 0 0 158219 1
fi=(280)
993 474657 474657
fe=(301)
299 158219 0 158219
fi=(280)
993 158219
fe=(301)
299 158219 158219
fi=(280)
993 158219
fe=(301)
299 316438 0 0 0 0 0 0 0 0 158219 9962
+22 9936 9936
fi=(308)
161 9936 0 9936
+1 9936 0 9936
cfn=(2730)
calls=9936 269 
* 39744 19872 0 0 0 0 0 0 0 9936 8
fi=(280)
1606 9936 9936
1935 29808 9936 0 0 0 0 0 0 0 9936
+4 9936 0 9936
fe=(301)
181 19872 9936
-6 9936 9936
+6 9936 9936
-6 9936
+6 9936
-6 10031 95 0 0 0 0 0 0 0 9936
+6 95 95
-6 95
+6 95
-6 95 0 0 0 0 0 0 0 0 95
-1 10031
+1 10031
-1 19966 0 0 0 0 0 0 0 0 10031 101
+1 964764 482382 0 0 111 0 0 0 0 321588
662 160794
-1 160794 0 160794
+1 160794 0 160794
+1 160794 160794
fi=(308)
108 160794
fe=(301)
663 643176 160794 160794 0 82 2 0 0 0 160794
-36 321588 160794 0 0 2195
-39 9780353 2667369 0 0 59118 0 0 7530 0 889123 4
fi=(308)
212 889123
fe=(301)
588 889123
fi=(308)
212 3556492 889123 0 0 248960 0 0 29306 0 1778246 51825
+5 838404 838404
+3 838404 838404
-3 838404
+1 1676808
+1 838404
fe=(301)
594 1676808 0 0 0 0 0 0 0 0 838404
+19 4192020 838404 0 0 0 0 0 0 0 838404
+5 48238647 16079549 0 0 233427 0 0 15385 0 16079549 647404
fi=(308)
104 77253880 15450776 0 0 397306 0 0 14945
fe=(301)
622 15450776
fi=(308)
104 46352328 15450776
fe=(301)
623 15450776
-1 15450776 0 0 0 0 0 0 0 0 15450776
+4 15450776
+1 15450776
-1 61803104 46352328 0 0 391328 0 0 15421
+1 30901552
-1 30901552
+3 15450776
+1 30901552
-17 48238647 0 0 0 0 0 0 0 0 16079549 880522
fi=(308)
85 838404 838404
fe=(301)
636 1676808 0 0 0 0 0 0 0 0 838404 328507
+13 1456734 0 0 0 0 0 0 0 0 728367 49
fi=(308)
192 76 0 38
+1 38 0 38
cfn=(2730)
calls=38 +76 
* 874 380 114 0 0 0 0 0 0 76
fe=(301)
680 38 38
fi=(308)
202 114 76 38
+1 38 0 38
cfn=(2730)
calls=38 +66 
* 874 380 114 0 0 0 0 0 0 76 6
fe=(301)
685 38 38
fi=(308)
161 38 0 38
+1 38 0 38
cfn=(2730)
calls=38 269 
* 874 380 114 0 0 0 0 0 0 76
fe=(301)
688 114 76 0 0 0 0 0 0 0 38
fi=(308)
197 181 0 181
+1 181 0 181
cfn=(2730)
calls=181 +71 
* 4163 1810 543 0 0 0 0 0 0 362 37
fe=(301)
690 181 181
fi=(308)
207 543 362 181
+1 181 0 181
cfn=(2730)
calls=181 +61 
* 4163 1810 543 0 0 0 0 0 0 362
fe=(301)
691 543 362 181
-3 362 181 0 0 0 0 0 0 0 181 39
fi=(308)
197 38 0 38
+1 38 0 38
cfn=(2730)
calls=38 +71 
* 152 76 0 0 0 0 0 0 0 38
fe=(301)
695 38 38
fi=(308)
207 114 76 38
+1 38 0 38
cfn=(2730)
calls=38 +61 
* 152 76 0 0 0 0 0 0 0 38 37
fe=(301)
696 38 38
fi=(280)
993 38 38
fe=(301)
696 76 0 38
fi=(280)
993 152 38
fe=(301)
175 76 38 0 0 0 0 0 0 0 38
fi=(280)
993 643024 160756
fe=(301)
175 472462 311706 0 0 0 0 0 0 0 160756 9844
-1 150950
+1 150950
-1 150950 0 0 0 0 0 0 0 0 150950 91
+7 950 0 0 0 0 0 0 0 0 187
+2 130403 100310 0 0 8664 0 0 0 0 10031 2
fi=(308)
+9 728329
fe=(301)
654 728329 728329 0 0 218132 0 0 6085
fi=(308)
192 728329 0 728329
+1 728329 0 728329
cfn=(2730)
calls=728329 +76 
* 13703644 5999954 1703736 0 30081 0 0 1817 0 1296241 162025
fe=(301)
680 728329 728329
fi=(308)
202 2184987 1456658 728329
+1 728329 0 728329
cfn=(2730)
calls=728329 +66 
* 13703644 5999954 1703736 0 0 0 0 0 0 1296241 619
fe=(301)
716 728329 0 728329
-53 728329 728329 0 0 246752 0 0 25720
fi=(308)
108 728329
fe=(301)
663 1456658 0 0 0 0 0 0 0 0 728329
-9 1456658
fi=(308)
177 50719 50719 0 0 39754 0 0 10746
-1 50719 50719
+3 101438 50719
-2 50719
-1 50719
+1 101438
+4 150491 0 0 0 0 0 0 0 0 50719 1758
-4 343371 49053
-1 98106 49053
+1 49053
+6 98106 0 0 0 0 0 0 0 0 49053 22922
-6 6383075 1276615 0 0 21173 0 0 8240
-1 2553230 1276615
+1 1276615
+6 2553230 0 0 0 0 0 0 0 0 1276615 82151
+1 93454
+1 93454
-4 3977004 0 0 0 0 0 0 0 0 1325668 49569
fi=(319) /usr/include/c++/13/bits/move.h
+16 50719 50719
+1 152157 50719 101438 0 0 26
+1 50719 0 50719
fi=(308)
85 50719 50719
fe=(301)
636 101438 50719 0 0 0 0 0 0 0 50719
fi=(308)
104 355033 152157
fe=(301)
637 50719
+1 101438 50719 0 0 0 0 0 0 0 50719 582
fi=(308)
98 50719 50719
fe=(301)
644 50719
fi=(308)
98 152157 0 50719
fe=(301)
641 204542 50719 0 0 0 0 0 0 0 50719 54
fi=(308)
192 3332 0 1666
+1 1666 0 1666
cfn=(2730)
calls=1666 +76 
* 38318 16660 4998 0 290 0 0 30 0 3332
-1 318180 0 159090
+1 159090 0 159090
cfn=(2730)
calls=159090 +76 
* 3651907 1587884 476139 0 26205 0 0 3221 0 317803 1122
fe=(301)
680 160756 160756
fi=(308)
202 482268 321512 160756
+1 160756 0 160756
cfn=(2730)
calls=160756 +66 
* 3690225 1604544 481137 0 0 0 0 0 0 321135 1506
fe=(301)
700 160756
fi=(304)
68 160756 160756 0 0 2714
fe=(301)
700 160756 0 0 0 0 0 0 0 0 160756 1997
fi=(304)
68 330111 0 0 0 0 0 0 0 0 110037
-24 330111 110037 0 0 0 0 0 0 0 110037 1599
+2 176292 88146 88146 0 80375 0 0 2529
fe=(301)
711 352584 264438 0 0 65171 0 0 7467
fi=(308)
89 88146 88146
fe=(301)
711 264438 0 88146
cfi=(308)
cfn=(2734)
calls=88146 38 
* 92743267 9459428 11293492 0 210842 188737 0 39004 36428 8060348 536203 39257 170
* 87564 65673 0 0 16058 0 0 687
fi=(308)
89 21891 21891 0 0 21
fe=(301)
711 65673 0 21891
cfi=(308)
cfn=(2734)
calls=21891 38 
* 26386019 2380987 5965866 0 35204 108543 0 406 50903 5161292 136161 10012 91
fi=(308)
133 110037 0 110037 0 0 54
fe=(301)
712 110037 0 110037 0 0 54
+1 110037 110037
fi=(308)
108 110037
fe=(301)
721 321512 0 0 0 0 0 0 0 0 160756 2188
fi=(308)
141 158218 158218 0 0 86
+1 158218
-1 158218 0 158218
+1 158218 0 158218
cfn=(2730)
calls=158218 269 
* 3639014 1582180 474654 0 0 0 0 0 0 316436 142
fe=(301)
743 158218 158218
fi=(321)
29 158218
fi=(280)
993 316436 316436 0 0 87
fi=(267)
506 158218 158218 0 0 21
fi=(280)
993 158218
fe=(301)
743 316436 158218 0 0 35
fi=(309)
278 316436
fi=(321)
29 949308 316436 158218 0 4008 48817
fi=(309)
278 316436
fi=(321)
29 474654 158218 158218 0 1725 39576
fi=(309)
278 316436
fi=(321)
29 474654 158218 158218 0 1287 39534
fi=(309)
278 316436
fi=(321)
29 474654 158218 158218 0 1316 39575
fi=(309)
278 316436
fi=(321)
29 474654 158218 158218 0 2628 39533
fi=(309)
278 316436
fi=(321)
29 474654 158218 158218 0 1955 39576
fi=(309)
278 316436
fi=(321)
29 474654 158218 158218 0 980 39534
fi=(309)
278 316436
fi=(321)
29 474654 158218 158218 0 1533 39575
fi=(309)
278 316436
fi=(321)
29 474654 158218 158218 0 1909 39533
fi=(309)
278 316436
fi=(321)
29 474654 158218 158218 0 1250 39576
fi=(309)
278 316436
fi=(321)
29 474654 158218 158218 0 972 39534
fi=(309)
278 316436
fi=(321)
29 474654 158218 158218 0 466 39575
fi=(309)
278 316436
fi=(321)
29 474654 158218 158218 0 879 39533
fi=(309)
278 474654
fi=(321)
29 474654 0 158218 0 0 39576
fi=(309)
284 158218 158218 0 0 116
fi=(321)
29 632872 316436 316436 0 1570 79109
fi=(309)
284 4430104 316436
-1 158218 0 158218 0 0 19765
+1 2215052 158218
-1 158218 0 158218
+1 2215052 158218
-1 158218 0 158218 0 0 19768
+1 2373270 158218
-1 158218 0 158218
+1 2056834 158218
-1 158218 0 158218 0 0 19803
+1 158218 158218
fi=(280)
1283 316436 316436
fi=(309)
284 316436
-1 158218 0 158218
fi=(280)
1283 158218 0 0 0 0 0 0 0 0 158218
fi=(281)
191 158218 158218
fi=(280)
1288 158218
fi=(281)
191 158218 0 158218 0 0 5434 0 0 156
fi=(280)
1288 158218 0 158218
fe=(301)
750 158218 158218
181 158218 158218
750 318974 2538 158218
181 2538 2538
750 5076 0 2538
fi=(308)
104 3740457 1068702 0 0 4692 0 0 127
fe=(301)
637 534351
+1 1068702 0 0 0 0 0 0 0 0 534351 115787
fi=(308)
98 220074 110037 110037 0 0 58
fe=(301)
641 110037
fi=(308)
98 220074
fe=(301)
641 110037
fi=(308)
98 110037 0 110037
fe=(301)
641 110037 0 0 0 0 0 0 0 0 110037 2014
+3 856434 269127 0 0 40113 0 0 2329 0 159090 55896
fi=(308)
176 157145
+5 157145 157145
-2 157145
-2 157145 157145 0 0 1686 0 0 151
-1 157145 157145
+1 157145
-1 157145
+1 314290
+4 471435 0 0 0 0 0 0 0 0 157145 1828
-4 1230288 153786 153786 0 1948 0 0 184
-1 307572 153786
+1 153786
+6 307572 0 0 0 0 0 0 0 0 153786 76589
-6 17060895 3412179 0 0 35864 0 0 6344
-1 6824358 3412179
+1 3412179
+6 6824358 0 0 0 0 0 0 0 0 3412179 330840
+1 365557
+1 365557
-4 10851681 153786 0 0 0 0 0 0 0 3565965 163615
fi=(319)
+16 153786 153786
+1 307572 153786 153786
+1 153786 0 153786
fi=(308)
-10 153786
fi=(319)
+8 3359 3359
+1 6718 3359 3359
+1 3359 0 3359
fi=(308)
-10 3359
fe=(301)
539 3085 3085
+4 9255 3085 0 0 0 0 0 0 0 3085
-1 12201 6031
+3 12062 0 0 0 0 0 0 0 0 6031 2103
fi=(308)
125 18695 3739 0 0 661 0 0 28
fe=(301)
552 7478
+3 3739
-12 7478 0 0 0 0 0 0 0 0 3739 864
fi=(308)
98 6031
-17 6031 6031 0 0 2931 0 0 269
+17 12062 6031 0 0 26 0 0 1
fe=(301)
545 12062 0 0 0 0 0 0 0 0 6031
727 15228 5076 0 0 0 0 0 0 0 5076 9
-1 2538 2538 0 0 2
fi=(308)
141 2538 0 2538
+1 2538 0 2538
cfn=(2730)
calls=2538 269 
* 68526 22842 7614 0 0 0 0 0 0 10152 1681
fe=(301)
731 12690 5076 0 0 0 0 0 0 0 2538
+3 2538 2538
fi=(308)
202 2538 2538
fe=(301)
732 2538 0 2538
fi=(308)
202 2538 0 2538
+1 2538 0 2538
cfn=(2730)
calls=2538 +66 
* 68526 22842 7614 0 0 0 0 0 0 10152 2492
fe=(301)
734 14001 14001
fi=(308)
202 14001 14001 0 0 2
fe=(301)
732 14001 0 14001
fi=(308)
202 14001 0 14001
+1 14001 0 14001
cfn=(2730)
calls=14001 +66 
* 278177 118612 34389 0 28 35 0 0 0 27652 6012
fe=(301)
735 82695 49617 0 0 2
-4 33078 0 0 0 0 0 0 0 0 16539
fi=(280)
993 5076 2538 0 0 2
fe=(301)
532 7614 2538 0 0 0 0 0 0 0 2538
fi=(308)
121 30850 6170
fe=(301)
534 12340 0 0 0 0 0 0 0 0 6170
fi=(308)
156 3085 0 3085 0 0 1
+1 6170 0 3085
cfn=(2730)
calls=3085 269 
* 83295 27765 9255 0 4 4 0 0 0 12340 56
fe=(301)
532 14528 7264 0 0 0 0 0 0 0 3632
fi=(308)
85 793 793
fe=(301)
558 1586 0 0 0 0 0 0 0 0 793 367
+4 1094 0 0 0 0 0 0 0 0 547
fi=(304)
50 65673 21891 0 0 0 0 0 0 0 21891 21
+2 21870 21870 0 0 383
+2 43740 0 21870
-1 43740 0 21870
+2 21870
-1 21 0 21 0 0 21
-1 42 0 21
+2 21
+13 50719
fe=(301)
701 50719 50719
fi=(304)
68 101438 0 0 0 0 0 0 0 0 50719
-24 152157 50719 0 0 0 0 0 0 0 50719 2296
+2 81364 40682 40682 0 37034 0 0 1122
+1 40682
fi=(308)
156 547 0 547
+1 1094 0 547
cfn=(2730)
calls=547 269 
* 14769 4923 1641 0 0 0 0 0 0 2188 427
+1 547
fi=(304)
50 30111 10037 0 0 0 0 0 0 0 10037 9
+2 10028 10028 0 0 187
+2 20056 0 10028
-1 20056 0 10028
fe=(301)
703 30084 20056
fi=(308)
89 10028 10028
fe=(301)
703 40112 10028 10028
cfi=(308)
cfn=(2734)
calls=10028 38 
* 12473756 1089019 3198848 0 16978 64771 0 425 30741 2860972 70783 120 30
fi=(304)
54 9 0 9 0 0 9
-1 18 0 9
fe=(301)
703 27 18 0 0 18
fi=(308)
89 9 9 0 0 9
fe=(301)
703 36 9 9 0 2
cfi=(308)
cfn=(2734)
calls=9 38 
* 9771 974 1160 0 35 93 0 1 0 828 51
* 122046 81364
fi=(308)
89 40682 40682
fe=(301)
703 162728 40682 40682
cfi=(308)
cfn=(2734)
calls=40682 38 
* 42025631 4289021 5125021 0 136174 101436 0 19512 17321 3795205 282694 16 4
fi=(308)
137 101438 50719 50719 0 34
fe=(301)
704 101438 50719 50719
+1 50719 50719
fi=(308)
108 50719
fe=(301)
705 50719
fi=(280)
993 9839 9839
fe=(301)
181 29517 9839 0 0 5 0 0 0 0 9839
-22 19678
+70 12687
+1 25374
+33 12687
+1 25374
163 192 96 0 0 71 0 0 0 0 96 2
fi=(277)
1085 42 0 21
cob=(4)
cfi=(178)
cfn=(2402)
calls=21 0 
* 5832 1148 678 1 315 44 1 2 27 924 39 63 21
* 84 0 21
cob=(4)
cfi=(178)
cfn=(2212)
calls=21 0 
* 1376655 63 1376256 0 62 21504 0 0 21486 1376340 21 21
176 21 0 21 0 0 21
fi=(282)
-62 63 42 0 0 21 0 0 0 0 21
fi=(307)
302 21 0 21 0 0 21 0 0 1
fi=(282)
119 42 0 21
fi=(277)
+80 21 21
fi=(304)
79 42
fe=(301)
181 39371 9844 0 0 0 0 0 0 0 9844 5
fi=(277)
1085 18 0 9
cob=(4)
cfi=(178)
cfn=(2402)
calls=9 0 
* 3006 614 379 1 144 25 1 1 15 480 20 27 9
* 36 0 9
cob=(4)
cfi=(178)
cfn=(2212)
calls=9 0 
* 589995 27 589824 0 25 9216 0 0 9207 589860 9 9
176 9 0 9 0 0 9
fi=(282)
-62 27 18 0 0 9 0 0 0 0 9
fi=(307)
302 9 0 9 0 0 9
fi=(282)
119 18 0 9
fi=(277)
+80 9 9
fi=(304)
79 18
fe=(301)

fn=(2806)
211 13 1 6 0 1
fi=(304)
68 2 1 0 0 0 0 0 0 0 1
-24 3 1 0 0 0 0 0 0 0 1
+2 2 1 1
fi=(308)
-13 3 1 1 0 1
+2 2
-2 3 0 2
fi=(323)
+68 1 0 1
fi=(308)
-68 1 0 1
+2 1 0 1
-2 2 0 2
+2 2 0 1
cfi=(309)
cfn=(2592)
calls=1 340 
* 1052 77 106 0 1 0 0 1 0 95 5
fe=(301)
213 2 1 1
+2 10 8 0 0 0 0 0 0 0 1 1

fn=(2782)
116 1248 96 576 0 0 96 0 0 1
+3 192 96 0 0 0 0 0 0 0 96 62
+2 96 96
fi=(267)
506 96
fi=(321)
29 96
fi=(267)
506 96 96 0 0 33 0 0 12
fi=(309)
278 192
fi=(321)
29 576 192 96 0 4 96
fi=(309)
278 192
fi=(321)
29 288 96 96
fi=(309)
278 192
fi=(321)
29 288 96 96 0 4
fi=(309)
278 192
fi=(321)
29 288 96 96 0 3 96
fi=(309)
278 192
fi=(321)
29 288 96 96 0 5
fi=(309)
278 192
fi=(321)
29 288 96 96 0 2
fi=(309)
278 192
fi=(321)
29 288 96 96
fi=(309)
278 192
fi=(321)
29 288 96 96 0 1 96
fi=(309)
278 192
fi=(321)
29 288 96 96 0 3
fi=(309)
278 192
fi=(321)
29 288 96 96 0 1
fi=(309)
278 192
fi=(321)
29 288 96 96 0 6
fi=(309)
278 192
fi=(321)
29 288 96 96 0 2 95
fi=(309)
278 192
fi=(321)
29 288 96 96 0 2
fi=(309)
278 288
fi=(321)
29 576 192 192 0 4
fi=(309)
284 96 96
fi=(321)
29 96 0 96 0 0 96 0 0 1
fi=(309)
284 2592 192
-1 96 0 96
+1 1344 96
-1 96 0 96
+1 1344 96
-1 96 0 96
+1 1440 96
-1 96 0 96
+1 1152 96
-1 96 0 96
+1 384 96
fi=(321)
59 96
fi=(309)
283 96 0 96
fi=(321)
59 1152 0 1152 0 0 651
fe=(301)
+68 480 288 0 0 0 0 0 0 0 96
+5 768 0 0 0 0 0 0 0 0 384
+4 384 192 0 0 0 0 0 0 0 96
328 384 192 0 0 0 0 0 0 0 96
-1 96
-1 96
+2 10074 0 0 0 0 0 0 0 0 3294 220
fi=(308)
104 3294
fe=(301)
329 3294
fi=(308)
104 16470 3294 0 0 131
fe=(301)
329 6588 0 0 0 0 0 0 0 0 3294 4
fi=(308)
98 3294 3294
fe=(301)
330 3294
fi=(308)
98 6588
fe=(301)
506 192 0 0 0 0 0 0 0 0 96 39
+4 30 30
fi=(308)
284 60 30
133 30 0 30
284 30 0 30
fe=(301)
517 90 0 30 0 0 30 0 0 1
cfi=(308)
cfn=(2790)
calls=30 23 
* 1751132 599656 354328 0 89974 65000 0 31489 20824 312539 30473
* 198 0 66 0 0 66
cfi=(308)
cfn=(2790)
calls=66 23 
* 1597676 547265 323012 0 81109 59617 0 30039 19724 285337 26207
fi=(304)
68 192 96 0 0 0 0 0 0 0 96 38
-6 192 96 96 2 0 79 2
+1 96 0 96
fe=(301)
520 96 0 96 0 0 79
-2 288 0 96 0 0 21
142 1056 768 0 0 234 0 0 0 0 96 51
508 66 66
fi=(308)
284 66
137 66 0 66
284 66 0 66
fe=(301)
517 66
-50 192 0 0 0 0 0 0 0 0 96
-9 96
+1 96
+1 96
-4 96
+1 192
+25 2557 2557 0 0 1094 0 0 396
-15 10132 0 0 0 0 0 0 0 0 2557 100
+1 7671 2557 0 0 2369 0 0 747 0 2557 131
+2 12185 2437 0 0 0 0 0 0 0 4874 211
fi=(308)
73 2437 2437
fe=(301)
473 7179 0 0 0 0 0 0 0 0 4742 154
+1 2 0 0 0 0 0 0 0 0 1 1
fi=(308)
81 132 132
fe=(301)
476 132
+2 132
-1 264
+7 192 0 0 0 0 0 0 0 0 96
+1 192 0 96
+2 192 0 0 0 0 0 0 0 0 96 1

ob=(2)
fl=(269) ./csu/../sysdeps/nptl/libc_start_call_main.h
fn=(2052) (below main)
cob=(11)
cfi=(266)
cfn=(2060)
calls=0 78 
58 1150718799 222638125 76067277 6 5662771 2291813 6 377007 270640 121526966 5344197 59875 443

fl=(297) ./misc/../sysdeps/unix/sysv/linux/setvmaname.c
fn=(2382) __set_vma_name
33 56 0 32 0 0 3
+2 40 16 8 0 8 1 0 1 0 8
+14 72 56 0 0 0 0 0 0 0 8

fl=(211)
fn=(750)
158 118
+1 236
+5 118
+1 118 0 0 0 0 0 0 0 0 118
+1 118
+1 118
+1 118 0 0 0 0 0 0 0 0 118 3
+69 118 118 0 0 103
+1 118 0 0 0 0 0 0 0 0 118
+87 118
+1 118
+1 118
+1 7733366 0 7733248 0 0 120832 0 0 120737 7733366 118
+1 118
+1 236 118 0 0 118

fl=(264)
fn=(2024)
cfi=(269)
cfn=(2052)
calls=0 29 
360 1150718799 222638125 76067277 6 5662771 2291813 6 377007 270640 121526966 5344197 59875 443

fl=(296) ./misc/../sysdeps/unix/sysv/linux/mmap64.c
fn=(2380) mmap
47 8
+3 16 0 0 0 0 0 0 0 0 8
-3 48 0 24
+6 16 0 0 0 0 0 0 0 0 8
+5 48 0 0 0 0 0 0 0 0 8
+2 32 32
-7 40 0 0 0 0 0 0 0 0 8

fl=(206) ./misc/./misc/sbrk.c
fn=(720) sbrk
37 64 0 32 0 0 3
+3 8 8 0 0 8
+3 8 8 0 0 8 0 0 1
-3 8 8 0 0 8
+3 8 0 0 0 0 0 0 0 0 8
+15 16 0 0 0 0 0 0 0 0 8
+4 16 0 0 0 0 0 0 0 0 8
+4 32 0 0 0 0 0 0 0 0 16 8
+12 8
-28 8
+28 48 40
-4 8 0 8
cfi=(207) ./misc/../sysdeps/unix/sysv/linux/brk.c
cfn=(722) brk
calls=8 -38 
* 88 24 16 0 8 8 0 0 0 8
* 16 0 0 0 0 0 0 0 0 8

fl=(205) ./malloc/./malloc/morecore.c
fn=(718) __glibc_morecore
25 8
+1 16 8 0 0 0 0 0 0 0 8
-1 16 0 8
+4 8 0 8
cfi=(206)
cfn=(720)
calls=8 +8 
* 336 88 56 0 32 11 0 1 0 56 8
+1 16 0 0 0 0 0 0 0 0 8
-3 8
+7 16 16

fl=(207)
fn=(722)
36 8
fi=(328) ./misc/../sysdeps/unix/sysv/linux/brk_call.h
-12 16
fe=(207)
+13 16 8 8
+1 16 0 0 0 0 0 0 0 0 8
+2 16 8 8 0 8 8
+1 16 8

fl=(243)
fn=(1900)
255 49053
+1 49053
+6 49053
+1 49053 0 0 0 0 0 0 0 0 49053 754
+2 9982 9982 0 0 4716 0 0 425
+1 9982
+1 9982 0 0 0 0 0 0 0 0 9982 640
+3 8114 8114 0 0 3
+1 8114 0 8114 0 0 5306 0 0 2197
+1 8114 0 8114 0 0 3762 0 0 1383
+3 16228 8114
+30 39071
+1 39071 0 0 0 0 0 0 0 0 39071 477
+2 20210
+1 20210 0 0 0 0 0 0 0 0 20210
+33 18861 18861 0 0 2913 0 0 192
+1 18861 18861 0 0 7
+1 18861 0 18861 0 0 7811 0 0 1898
+1 18861 0 18861 0 0 4320 0 0 2402
+2 18861 18861
+17 20210 20210 0 0 5
+1 20210 20210
+1 20210 0 20210 0 0 7805 0 0 1714
+1 20210 0 20210 0 0 2158 0 0 74
+1 20210 20210
+7 1868 1868 0 0 4
+1 1868 1868
+1 1868 0 1868 0 0 791 0 0 295
+1 1868 0 1868 0 0 853 0 0 501
+1 1868 0 1868 0 0 1868 0 0 1052
+1 1868 0 1868
+1 3736 1868
+5 1868 1868 0 0 1688
+1 1868 0 0 0 0 0 0 0 0 1868
+5 1868
+1 1868 0 0 0 0 0 0 0 0 1868 185
+2 1868 1868 0 0 813 0 0 66
+1 1868
+1 1868 0 0 0 0 0 0 0 0 1868

fl=(202)
fn=(724) alloc_perturb
1985 354 118 0 0 0 0 0 0 0 118
+2 118 118

fn=(716) _int_malloc
3846 1298 118 826 0 0 71
1326 236 0 0 0 0 0 0 0 0 118 14
+19 708 0 0 0 0 0 0 0 0 118
3887 236 0 0 0 0 0 0 0 0 118
1794 118 118
3914 236 0 0 0 0 0 0 0 0 118
+63 236 0 0 0 0 0 0 0 0 118
+62 2360 0 0 0 0 0 0 0 0 472
+1 354 118 0 0 117 0 0 0 0 118
+20 118 118
-1 118
-1 118
+1 236 0 118
+1 236 118 0 0 0 0 0 0 0 118
-2 236 118
+12 590 118 118 0 116 0 0 0 0 118 65
-1 100 0 50
+4 100 50 0 0 50
+1 50
+2 100 0 0 0 0 0 0 0 0 50
+1 150 50 0 0 49 0 0 0 0 50
+2 50 50 0 0 47
+1 200 0 0 0 0 0 0 0 0 100
+2 200 50 0 0 0 0 0 0 0 50
-10 50 50 0 0 5
+12 100 50 0 0 0 0 0 0 0 50
+1 100 50 0 0 0 0 0 0 0 50
+2 100 0 0 0 0 0 0 0 0 50
+11 200 0 0 0 0 0 0 0 0 100
+29 50 0 50
+1 50 0 50
+4 100 0 0 0 0 0 0 0 0 50
+29 100 0 0 0 0 0 0 0 0 50
+8 625 0 45 0 0 0 0 0 0 100 5
+1 45
+1 45 45 0 0 44
-1 45
+4 90 0 0 0 0 0 0 0 0 45
-4 5
+1 5 5 0 0 5
-1 5
+4 10 0 0 0 0 0 0 0 0 5
+5 5 5
-2 5
+2 15 5 0 0 5 0 0 0 0 5
+1 10 0 0 0 0 0 0 0 0 5
4487 1416 1062 0 0 0 0 0 0 0 118
4221 100 50
+9 50 0 50
-9 100
+9 50 50
-9 150 0 50 0 0 50
+1 50 0 50
+1 50 0 50
+1 50 0 50
+1 50 0 50
+6 100 0 0 0 0 0 0 0 0 50
4070 150 50 0 0 0 0 0 0 0 50 46
4246 100 0 0 0 0 0 0 0 0 50 1
+11 354 0 0 0 0 0 0 0 0 118
+2 354
+3 118 118 0 0 113
-3 118
+3 236 0 0 0 0 0 0 0 0 118
+1 118
+71 354
-4 118
+1 118
+1 118
-1 118
+1 118
+1 236 118 0 0 68
+1 354
+5 472 0 0 0 0 0 0 0 0 118
-99 200 50 50 0 0 0 0 0 0 50
-22 45
-48 45
+48 135 0 45 0 0 44
4343 354 0 0 0 0 0 0 0 0 118 50
4443 118 118
+1 236 118 0 0 64
+2 236 118 0 0 68 0 0 0 0 118
+3 354 0 0 0 0 0 0 0 0 118 8
+17 32 8 8 0 0 0 0 0 0 8
4169 20 0 0 0 0 0 0 0 0 5
+23 15 5 0 0 5 0 0 0 0 5
+1 10 0 0 0 0 0 0 0 0 5
+6 5 0 0 0 0 0 0 0 0 5
+13 5 5 0 0 5
+1 10 5 0 0 0 0 0 0 0 5
-44 50 0 5 0 0 0 0 0 0 5
+33 10 5 0 0 5
2552 8 8 0 0 8
+12 8 8 0 0 8
-12 40 8 16 0 8 3 0 1
+12 8 0 0 0 0 0 0 0 0 8
4460 354 0 118 0 0 68
cfn=(724)
calls=118 1985 
* 472 236 0 0 0 0 0 0 0 118
+1 118
-9 220
+2 220
-1 110 0 110
+1 110
-3 110
+3 110
+2 110
-2 440 0 110
+2 110 0 110 0 0 110 0 0 110
+3 220
2553 8 0 8
+36 24 8
+1 8
-1 8 0 8
+1 8 0 8
+9 80 24 0 2 0 0 2 0 0 32
+6 24 16 0 0 0 0 0 0 0 8
+3 24 0 0 0 0 0 0 0 0 8
2921 24 16 0 0 0 0 0 0 0 8
+1 8 0 8
+4 8 8
+4 40 16 0 0 0 0 0 0 0 8
+5 8
-2 8
+5 8
-3 16
-3 8
+2 8 0 8
+1 8
+1 8
-1 24 0 8
+1 8 0 8 0 0 8 0 0 8
4482 8
2669 24 8 8
+8 16 8 0 0 0 0 0 0 0 8
+14 8 8
+2 8 8
-2 16 0 0 0 0 0 0 0 0 8
+8 40 8 8
+8 16 0 0 0 0 0 0 0 0 8
+20 8 8
+1 8
-1 16 0 0 0 0 0 0 0 0 8
+11 16 8
+4 16 0 0 0 0 0 0 0 0 8
+2 8 8
+2 8 8
-2 8 0 0 0 0 0 0 0 0 8
+2 8
+6 8
-6 8 0 8
+9 16 8 0 0 0 0 0 0 0 8
2873 8
+3 8
-1 8 0 8
+1 32 0 8 0 0 8 0 0 8
+12 8 8
-11 8 0 8
+11 16 0 0 0 0 0 0 0 0 8
+7 16
+1 24 0 8
+8 8 0 8 0 0 8 0 0 8
+2 8 0 8
+5 16 0 0 0 0 0 0 0 0 8
+2 32 0 8
cfn=(1952) _int_free
calls=8 4495 
* 1056 296 192 0 0 8 0 0 8 176
* 8
-66 16 0 0 0 0 0 0 0 0 8
-65 8
+84 16 0 0 0 0 0 0 0 0 8
2732 48 16 8
cfn=(2774) sysmalloc_mmap_fallback.constprop.0
calls=8 2490 
* 808 184 144 0 8 4 0 1 0 96 9
* 8
+2 16 0 0 0 0 0 0 0 0 8
-25 24 0 16
cfi=(205)
cfn=(718)
calls=8 25 
* 424 112 72 0 32 11 0 1 0 72 8
+1 16 8
-1 8
+1 8 0 0 0 0 0 0 0 0 8
+2 8
+3 16 0 0 0 0 0 0 0 0 8

fn=(704)
3294 944 0 472
+7 236 118 0 0 118 0 0 0 0 118
1326 236 0 0 0 0 0 0 0 0 118
+19 590 0 0 0 0 0 0 0 0 118 15
3311 236
+2 472 236 0 0 234 0 0 0 0 118
+3 236 118 0 0 117 0 0 0 0 118
+10 236 118 0 0 116 0 0 0 0 118 3
+28 708 590
-26 472 0 118 0 0 71
cfn=(716)
calls=118 3846 
* 23824 4168 2697 2 830 393 2 3 142 3886 206
+1 590 118 0 0 0 0 0 0 0 236
fi=(203) ./malloc/./malloc/arena.c
153 236 0 0 0 0 0 0 0 0 118 7
fe=(202)

fn=(1956) _int_free_maybe_consolidate
4770 88 8 56
+6 16 0 0 0 0 0 0 0 0 8
+22 88 72 0 0 0 0 0 0 0 8

fn=(1952)
4495 56 0 32
+4 24 8
+6 32 0 0 0 0 0 0 0 0 8
+1 16 0 0 0 0 0 0 0 0 8
+4 40 0 0 0 0 0 0 0 0 16
+8 32 16 0 0 0 0 0 0 0 8
-1 16
+1 16 8 0 0 0 0 0 0 0 8
1792 8 8
4561 16 0 0 0 0 0 0 0 0 8
+76 16 8 0 0 0 0 0 0 0 8
+3 16 8 0 0 0 0 0 0 0 8
+18 8
-12 8
+12 32 32
-12 8
cfn=(1954) _int_free_merge_chunk
calls=422 +19 
* 712 208 160 0 0 8 0 0 8 104

fn=(1954)
4665 40 0 32
+1 8
-1 24 0 16
+5 48 8 0 0 0 0 0 0 0 8
+3 16 8 0 0 0 0 0 0 0 8
+5 24 8 0 0 0 0 0 0 0 8
+3 16
+1 16 0 0 0 0 0 0 0 0 8
+1 16 8 0 0 0 0 0 0 0 8
1992 24 8 0 0 0 0 0 0 0 8
4689 16 8 0 0 0 0 0 0 0 8
+25 16 8 0 0 0 0 0 0 0 8
+6 16 8 0 0 0 0 0 0 0 8
+4 8 0 8
+9 8 8
-1 8
+1 24
+1 16 8 0 0 0 0 0 0 0 8
+2 8 0 8 0 0 8 0 0 8
+2 16 0 0 0 0 0 0 0 0 8
+5 8 0 8
+1 8 0 8
+2 24 0 8
+1 8 0 8
-45 8
-1 16
+1 48 48
-1 8
cfn=(1956)
calls=422 +69 
* 192 80 56 0 0 0 0 0 0 16
+39 24 0 8

fn=(2774)
2490 88 0 48
+4 8 8
+3 24 8 0 0 0 0 0 0 0 8
+4 16 0 0 0 0 0 0 0 0 8
+1 16
+4 8
-1 16 0 0 0 0 0 0 0 0 8 2
+3 64 0 8
cfi=(296)
cfn=(2380)
calls=8 47 
* 208 32 24 0 0 0 0 0 0 32
* 8
+3 16 0 0 0 0 0 0 0 0 8
+4 16 0 0 0 0 0 0 0 0 8 7
+4 32 0 8
cfi=(297)
cfn=(2382)
calls=8 33 
* 168 72 40 0 8 4 0 1 0 16
+5 8 0 8
+2 8 0 8
+2 72 56
2008 32 8 0 0 0 0 0 0 0 8

totals: 1150718799 222638125 76067277 6 5662771 2291813 6 377007 270640 121526966 5344197 59875 443
