# callgrind format
version: 1
creator: callgrind-3.22.0
pid: 801880
cmd:  /home/max/projects/corintho-ai/bench/results/long-profile-2026-09-23/bin/selfplay_nn - /home/max/projects/corintho-ai/bench/results/long-profile-2026-09-23/model.mlp 48 1600 16 1 901
part: 4


desc: I1 cache: 65536 B, 64 B, 8-way associative
desc: D1 cache: 32768 B, 64 B, 8-way associative
desc: LL cache: 25165824 B, 64 B, 12-way associative

desc: Timerange: Basic block 2510499657 - 3211830767
desc: Trigger: dump

positions: line
events: Ir Dr Dw I1mr D1mr D1mw ILmr DLmr DLmw Bc Bcm Bi Bim
summary: 1194211832 231303682 73482292 3 5748644 2171815 3 328347 187907 121479922 5205822 58410 291


ob=(9) /usr/lib/x86_64-linux-gnu/libstdc++.so.6.0.33
fl=(222) ???
fn=(2076) operator new(unsigned long)
0 462 0 126 0 0 5
cob=(4) ???
cfi=(178) ???
cfn=(1534) 0x0000000004ca7210
calls=42 0 
0 10335 1940 1148 1 551 151 1 10 48 1767 95 42 42
0 210 126 0 0 0 0 0 0 0 42

fn=(2148) operator new[](unsigned long)
0 84
cob=(4)
cfi=(178)
cfn=(2072) 0x0000000004ca6cc0
calls=42 0 
0 11091 2108 1274 1 593 156 1 12 48 1809 95 84 42

ob=(1) /usr/lib/x86_64-linux-gnu/ld-linux-x86-64.so.2
fl=(1) ???
fn=(0) 0x000000000001f540
cob=(11) /home/max/projects/corintho-ai/bench/results/long-profile-2026-09-23/bin/selfplay_nn
cfi=(263) ???
cfn=(2022) (below main)
calls=0 0 
0 1194211832 231303682 73482292 3 5748644 2171815 3 328347 187907 121479922 5205822 58410 291

ob=(4)
fl=(178)
fn=(2072)
0 84 42 0 0 42 0 0 2 0 0 0 42
cob=(9)
cfi=(222)
cfn=(2076)
calls=42 0 
0 11007 2066 1274 1 551 156 1 10 48 1809 95 42 42

fn=(2212) 0x000000000010a520
0 84 42 0 0 42 0 0 0 0 0 0 42
cob=(2) /usr/lib/x86_64-linux-gnu/libc.so.6
cfi=(211) ./string/../sysdeps/x86_64/multiarch/memset-vec-unaligned-erms.S
cfn=(750) __memset_avx2_unaligned_erms
calls=455 158 
0 2753226 84 2752512 0 79 43008 0 0 42975 2752680 47

fn=(2610) 0x000000000010a810
0 19872 9936 0 0 9775 0 0 0 0 0 0 9936 42
cob=(8) /usr/lib/x86_64-linux-gnu/libgomp.so.1.0.0
cfi=(188) ???
cfn=(2612) GOMP_loop_ull_dynamic_next
calls=9936 0 
0 247158 79488 29394 0 36817 0 0 0 0 39744 1059

fn=(2078) 0x000000000010a590
0 95784 47892 0 0 7355 0 0 0 0 0 0 47892 207
cob=(2)
cfi=(243) ./string/../sysdeps/x86_64/multiarch/memmove-vec-unaligned-erms.S
cfn=(1900) __memcpy_avx_unaligned_erms
calls=47892 255 
0 594475 149214 99476 0 10021 33562 0 400 13376 121020 1393

fn=(2402) 0x000000000010a450
0 84 42 0 0 42 0 0 2 0 0 0 42
cob=(9)
cfi=(222)
cfn=(2148)
calls=42 0 
0 11175 2108 1274 1 593 156 1 12 48 1809 95 84 42

fn=(2452) 0x000000000010a6e0
cob=(8)
cfi=(188)
cfn=(2454) GOMP_parallel
calls=414 0 
0 1194211832 231303682 73482292 3 5748644 2171815 3 328347 187907 121479922 5205822 58410 291

fn=(1534)
0 84 42 0 0 42 0 0 1 0 0 0 42 42
cob=(2)
cfi=(202) ./malloc/./malloc/malloc.c
cfn=(704) malloc
calls=42 3294 
0 10251 1898 1148 1 509 151 1 9 48 1767 95

fn=(2530) 0x000000000010a5e0
0 414 207 0 0 0 0 0 0 0 0 0 207
cob=(8)
cfi=(188)
cfn=(2532) GOMP_loop_ull_dynamic_start
calls=207 0 
0 30636 8487 7659 0 0 0 0 0 0 3726 713

fn=(2616) 0x000000000010a4f0
0 414 207 0 0 207 0 0 0 0 0 0 207
cob=(8)
cfi=(188)
cfn=(2618) GOMP_loop_end_nowait
calls=414 0 
0 8073 3105 1863 0 414 414 0 0 0 1242 279

ob=(8)
fl=(188)
fn=(2532)
0 8487 1863 2484 0 0 0 0 0 0 828 201
cfn=(2534) 0x0000000000024750
calls=207 0 
0 11592 3519 3519 0 0 0 0 0 0 1035 131
0 10557 3105 1656 0 0 0 0 0 0 1863 381

fn=(2612)
0 247158 79488 29394 0 36817 0 0 0 0 39744 1059

fn=(2534)
0 6417 1449 1863 0 0 0 0 0 0 828 131
cfn=(2504) 0x0000000000024680
calls=414 0 
0 3519 828 1449 0 0 0 0 0 0 207
0 1656 1242 207

fn=(2454)
cob=(11)
cfi=(298) /home/max/projects/corintho-ai/bench/../corintho_ai/cpp/src/trainer.cpp
cfn=(2528) Trainer::doIteration(float*, float*, int) [clone ._omp_fn.0]
calls=207 206 
0 1194211832 231303682 73482292 3 5748644 2171815 3 328347 187907 121479922 5205822 58410 291

fn=(2504)
0 3519 828 1449 0 0 0 0 0 0 207

fn=(2618)
0 8073 3105 1863 0 414 414 0 0 0 1242 279

ob=(11)
fl=(266) /home/max/projects/corintho-ai/bench/selfplay_nn.cpp
fn=(2060) main
fi=(298)
cob=(4)
cfi=(178)
cfn=(2452)
calls=207 0 
206 1194211832 231303682 73482292 3 5748644 2171815 3 328347 187907 121479922 5205822 58410 291
fe=(266)

fl=(308) /home/max/projects/corintho-ai/bench/../corintho_ai/cpp/src/node.cpp
fn=(2730) Node::syncStats()
269 12460761 4153587 0 0 57469 0 0 3448 0 4153587 175767
+2 3663029 3663029 0 0 398651
+5 7326058 7326058
-3 10989087 7326058 0 0 398777
+1 3663029
+2 3663029 0 3663029 0 0 436855 0 0 2935
-2 3663029
+3 14652116 3663029 3663029 0 0 251561 0 0 2292
112 3663029 3663029
279 7375348 0 0 0 0 0 0 0 0 3682745 8263
+2 490558 490558
-2 3653171 3653171
-1 7306342 0 3653171 0 0 213691 0 0 4130
+3 3653171 3653171
-3 19716 0 9858 0 0 413 0 0 92
+3 9858 9858

fn=(2734) Node::Node(Game const&, Node*, Node*, int, int)
38 320292 0 160146
+2 160146
fi=(309) /home/max/projects/corintho-ai/bench/../corintho_ai/cpp/src/game.cpp
307 160146
fe=(308)
40 160146
fi=(309)
305 160146
fe=(308)
38 1281168 0 800730 0 0 8
+2 160146 160146 0 0 48984 0 0 3992
-2 480438 160146 160146 0 2543 1
fi=(323) /home/max/projects/corintho-ai/bench/../gsl/include/gsl/util
+63 160146 0 160146 0 0 118081 0 0 25929
fi=(309)
297 160146
fe=(308)
40 480438 160146 320292 0 0 1989
+2 160146
fi=(309)
305 160146
+2 160146 160146 0 0 28946
fe=(308)
42 320292 0 320292
fi=(309)
307 160146
+1 160146 160146
fe=(308)
42 320292 0 320292
fi=(323)
+59 160146 0 160146
fe=(308)
-59 320292 0 320292
fi=(309)
308 160146 0 0 0 0 0 0 0 0 160146 25795
+2 688590 275436
+1 137718
-1 137718
+1 137718 137718 275436 0 0 38
-1 137718 0 137718
+13 137718
fe=(308)
45 137718
fi=(309)
323 275436 137718 413154
+4 413154 0 137718
fe=(308)
45 137718 0 137718 0 0 9
cfi=(309)
cfn=(2592) Node::initializeEdges()
calls=137718 340 
* 131004405 9878761 13659979 0 227719 146810 0 65444 40246 12305695 721813 60 15
fi=(309)
323 22428
fe=(308)
45 22428
fi=(309)
323 44856 22428 67284 0 0 10
+4 67284 0 22428
fe=(308)
45 22428 0 22428 0 0 2
cfi=(309)
cfn=(2592)
calls=22428 340 
* 22018653 1644420 2427298 1 34103 25799 1 10713 8100 2197895 120113 16 4
+3 160146 160146 0 0 3
225 160146 160146 0 0 19
+1 640584 320292 0 0 27 0 0 0 0 160146 74131
+38 93438 93438
-1 186876 0 93438
+1 186876 0 93438 0 0 1750 0 0 1236
48 93438 0 93438 0 0 3
+1 280314 186876 0 0 13 0 0 0 0 93438 142
263 133416 0 66708
+1 133416 0 66708 0 0 1670
48 66708 0 66708 0 0 16
+1 200124 133416 0 0 15 0 0 0 0 66708
+1 160146
-1 160146
+1 960876 960876 0 0 34
-1 160146
cfn=(2730)
calls=160146 269 
* 3690898 1599575 480438 0 28 39573 0 0 9449 324062 1993
fi=(309)
313 22428 22428
+6 22428
-6 22428
+6 44856
-1 44856
+2 22428
-10 22428 22428
+10 44856
fe=(308)
-84 66708
+6 66708 66708 0 0 1
-4 285648 0 0 0 0 0 0 0 0 66708 19029
fi=(304) /home/max/projects/corintho-ai/bench/../corintho_ai/cpp/include/arena.h
68 101488 50744 0 0 0 0 0 0 0 50744
fe=(308)
238 28236
fi=(304)
68 31928 15964 0 0 0 0 0 0 0 15964
fi=(320) /home/max/projects/corintho-ai/bench/../corintho_ai/cpp/include/node.h
191 66708
fi=(304)
90 66708
fi=(320)
192 66708
-1 66708 0 66708 0 0 6
+1 133416
fi=(304)
89 133416 0 0 0 0 0 0 0 0 66708 637
+3 63856
-48 333540 66708 0 0 0 0 0 0 0 66708 565
+2 61784 61784 0 0 60806 0 0 11257
fe=(308)
246 61784
fi=(304)
46 61784 0 61784
fe=(308)
246 61784 0 0 0 0 0 0 0 0 61784
+14 66708 0 66708 0 0 9
+3 66708 66708
fi=(323)
101 133416 0 66708
fe=(308)
239 31928 0 0 0 0 0 0 0 0 15964 7197
+1 22614 0 0 0 0 0 0 0 0 6115 2246
fi=(304)
49 19696 0 4924
+1 14772 4924 0 0 0 0 0 0 0 4924 15
+2 4909 4909 0 0 359
+1 4909 4909
+1 4909
-1 4909
fe=(308)
246 4909
fi=(304)
53 4909 0 4909
+1 4909 0 4909
fe=(308)
246 4909 0 0 0 0 0 0 0 0 4909
fi=(304)
53 15 15
+1 15
-1 15
fe=(308)
246 15
fi=(304)
53 15 0 15
+1 15 0 15 0 0 15
fe=(308)
246 15 0 0 0 0 0 0 0 0 15 9
+3 15964 15964 0 0 6
-1 15964 15964
fi=(321) /usr/include/x86_64-linux-gnu/bits/string_fortified.h
29 15964
fe=(308)
250 15964
fi=(321)
29 15964
fe=(308)
250 15964 0 15964
fi=(321)
29 31928 0 31928
cob=(4)
cfi=(178)
cfn=(2078)
calls=15964 -29 
* 232107 69394 35620 0 17369 10403 0 400 5111 37466 884 15964 207
fe=(308)
252 15964 15964
-1 15964 15964
+1 15964
fi=(321)
29 15964
fe=(308)
251 15964 15964
+1 31928 0 15964
-1 47892 0 15964
fi=(321)
29 15964
fe=(308)
252 15964 0 15964
-1 15964 0 15964
fi=(321)
29 31928 0 31928
cob=(4)
cfi=(178)
cfn=(2078)
calls=15964 -29 
* 229076 63856 31928 0 4 14720 0 0 5834 41777 315 15964
fe=(308)
254 15964 15964
fi=(321)
29 31928 15964
fe=(308)
253 15964 15964
+1 31928
-1 31928
fi=(321)
29 31928 0 31928
cob=(4)
cfi=(178)
cfn=(2078)
calls=15964 -29 
* 229076 63856 31928 0 3 8439 0 0 2431 41777 194 15964
fe=(308)
257 15964 15964
fi=(321)
29 63856 47892
fe=(308)
256 15964
+1 15964
fi=(321)
29 95826 15964 0 0 0 0 0 0 0 39931
fi=(320)
192 47892
fi=(304)
68 31928 15964 0 0 0 0 0 0 0 15964 4118
+22 15964
-1 31928 0 0 0 0 0 0 0 0 15964
+3 24460
-30 24460 6115 6115
+1 12230 0 6115
-1 39396 9849 9849
+1 19698 0 9849
fi=(321)
-34 22152 3692 3692 0 2 1785 0 0 872 1846 188
fe=(308)
239 19698
fi=(277) /usr/include/c++/13/bits/unique_ptr.h
1085 30 0 15
cob=(4)
cfi=(178)
cfn=(2402)
calls=15 0 
* 3693 690 398 0 224 28 0 8 15 591 37 45 15
* 60 0 15
cob=(4)
cfi=(178)
cfn=(2212)
calls=15 0 
* 983325 45 983040 0 42 15360 0 0 15346 983100 19 15
176 15 0 15 0 0 15
fi=(282) /usr/include/c++/13/bits/vector.tcc
-62 45 30 0 0 15 0 0 0 0 15 15
fi=(307) /usr/include/c++/13/tuple
302 15 0 15 0 0 15 0 0 4
fi=(282)
119 30 0 15
fi=(277)
+80 15 15
fi=(304)
79 30
fi=(321)
-50 90288 28236 28236 0 0 7730 0 0 1627 9849
fe=(308)

fn=(2790) Node::~Node()
23 768 0 576
+1 192 192
-1 192
+1 384 0 0 0 0 0 0 0 0 192
fi=(304)
+44 384 192 0 0 24 0 0 0 0 192
fi=(320)
191 192 192 0 0 96 0 0 50
fe=(308)
25 192 192
fi=(320)
192 576
fi=(304)
59 384 0 0 0 0 0 0 0 0 192 23
+31 192
-1 384 0 0 0 0 0 0 0 0 192 33
+3 760
-30 760 190 190 0 0 190 0 0 45
+1 190 0 190
fe=(308)
-37 570 190 0 0 0 0 0 0 0 190
fi=(304)
+36 8 2 2 0 0 2 0 0 1
+1 2 0 2
fe=(308)
-37 6 2 0 0 0 0 0 0 0 2
fi=(304)
+42 384 192 0 0 0 0 0 0 0 192
-6 384 192 192 0 0 88 0 0 43
+1 192 0 192
fe=(308)
-35 576 192 0 0 17 0 0 4 0 192 46
+1 960 192 192 0 0 0 0 0 0 192
cfn=(2791) Node::~Node()'2
calls=192 -6 
* 4807692 1646298 972282 0 248051 185300 0 95645 62259 858775 82448
fi=(304)
+39 384 192 0 0 0 0 0 0 0 192
-6 384 192 192 0 0 131 0 0 15
+1 192 0 192
fe=(308)
-33 768 768 0 0 79

fn=(2791)
23 451332 0 338499 0 0 3396 0 0 17
+1 112833 112833 0 0 109878 0 0 42459
-1 112833
+1 225666 0 0 0 0 0 0 0 0 112833 1190
fi=(304)
+44 223550 111775 0 0 0 0 0 0 0 111775
fi=(320)
191 111775 111775 0 0 110753 0 0 45768
fe=(308)
25 111775 111775
fi=(320)
192 335325
fi=(304)
59 223550 0 0 0 0 0 0 0 0 111775 24782
+31 36155
-1 72310 0 0 0 0 0 0 0 0 36155 6855
+3 25656
-30 25656 6414 6414 0 0 6408 0 0 1770
+1 6414 0 6414
fe=(308)
-37 19242 6414 0 0 0 0 0 0 0 6414
fi=(304)
+36 118964 29741 29741 0 0 29705 0 0 10326
+1 29741 0 29741
fe=(308)
-37 89223 29741 0 0 0 0 0 0 0 29741
fi=(304)
+42 223550 111775 0 0 0 0 0 0 0 111775
-6 223550 111775 111775 0 0 108970 0 0 39346
+1 111775 0 111775
fe=(308)
-35 491471 112833 76486 0 24419 1036 0 7418 0 112833 35939
cfn=(2791)
calls=76486 -5 
* 56727453 19733855 11416996 0 3002816 2164786 0 1174122 717021 10173228 830860
fi=(304)
+40 152972 76486 0 0 0 0 0 0 0 76486 153
-6 152972 76486 76486 0 0 24405 0 0 7567
+1 76486 0 76486
fe=(308)
-34 410809 112833 36155 0 1833 12 0 0 0 112833 13529
cfn=(2791)
calls=36155 -6 
* 13538843 4680807 2690095 0 723144 506955 0 273394 170024 2430791 249194
fi=(304)
+39 72310 36155 0 0 0 0 0 0 0 36155
-6 72310 36155 36155 0 0 11368 0 0 3233
+1 36155 0 36155
fe=(308)
-33 451332 451332 0 0 1168

fl=(298)
fn=(2528)
206 2070 0 1242
fi=(280) /usr/include/c++/13/bits/stl_vector.h
993 207
fe=(298)
206 1863 828 207
fi=(280)
993 621 414 207
fe=(298)
206 414 207 207
fi=(280)
993 621
fe=(298)
206 207 0 207
fi=(280)
992 828 0 621
cob=(4)
cfi=(178)
cfn=(2530)
calls=207 0 
* 31050 8694 7659 0 0 0 0 0 0 3726 713 207
* 1035 414 207 0 0 0 0 0 0 207
cob=(4)
cfi=(178)
cfn=(2616)
calls=207 0 
* 8487 3312 1863 0 621 414 0 0 0 1242 279 207
fe=(298)
206 32085 21735 9936 0 9237 0 0 0 0 207 60
cob=(4)
cfi=(178)
cfn=(2610)
calls=9936 0 
* 267030 89424 29394 0 46592 0 0 0 0 39744 1059 9936 42
* 79488 19872 0 0 0 0 0 0 0 19872 775
+2 29808 19872 0 0 17915 0 0 0 0 9936
fi=(280)
993 29808 19872 0 0 8698
fe=(298)
214 9936 9936
fi=(280)
993 29808
fi=(268) /usr/include/c++/13/bits/stl_algobase.h
262 19872 0 0 0 0 0 0 0 0 9936
fe=(298)
-46 9936 9936
-2 19872 0 0 0 0 0 0 0 0 9936
+5 9936 9936 0 0 8873
fi=(280)
1129 9936
fe=(298)
218 9936 9936
+1 19872
fi=(280)
1129 9936
fe=(298)
219 9936
-1 29808 9936
fi=(300) /home/max/projects/corintho-ai/bench/../corintho_ai/cpp/src/selfplayer.cpp
-95 49680 9936 9936 0 9729
cfi=(301) /home/max/projects/corintho-ai/bench/../corintho_ai/cpp/src/trainmc.cpp
cfn=(2556) TrainMC::doIteration(float*, float*)
calls=9936 +21 
* 1181399935 228052620 72097996 1 5365226 1973395 1 217089 123914 119767753 5085239 47625 246
+2 19872 0 0 0 0 0 0 0 0 9936
+1 192 0 96
cfn=(2776) SelfPlayer::chooseMoveAndContinue()
calls=96 253 
* 12067555 3006802 1322514 2 281753 198006 2 111258 63993 1607331 117697 435 3
fe=(298)
+95 192 0 0 0 0 0 0 0 0 96

fl=(263)
fn=(2022)
cob=(2)
cfi=(264) ./csu/../csu/libc-start.c
cfn=(2024) __libc_start_main@@GLIBC_2.34
calls=0 242 
0 1194211832 231303682 73482292 3 5748644 2171815 3 328347 187907 121479922 5205822 58410 291

fl=(300)
fn=(2780) SelfPlayer::chooseMove() [clone .part.0]
241 1152 96 672
+5 672 96 96 0 0 96
cfi=(301)
cfn=(2782) TrainMC::chooseMove(float*, float*)
calls=96 116 
* 2992035 1002790 583516 1 150198 112078 1 34605 22038 535568 49750
fi=(282)
114 192 192 0 0 91
fe=(300)
246 96
fi=(282)
114 384 192 0 0 171 0 0 0 0 96
+5 3072 1440 1536 0 608 737
fi=(326) /home/max/projects/corintho-ai/bench/../corintho_ai/cpp/include/selfplayer.h
-97 4896 2400 2496 0 86 1261 0 0 990
fi=(282)
+97 192 0 96
fe=(300)
251 1152 864 0 0 87 0 0 0 0 96 64

fn=(2776)
253 1152 96 672
+5 96
fi=(277)
-59 96 96 0 0 51 0 0 27
fe=(300)
+60 192 0 0 0 0 0 0 0 0 96
+4 672 288 0 0 1 0 0 0 0 96
-21 192 96 0 0 24 0 0 10 0 96
fi=(277)
-43 96 96 0 0 23
fe=(300)
+68 192 0 0 0 0 0 0 0 0 96
+4 576 288 0 0 111
fi=(308)
108 96
fe=(300)
271 192 0 0 0 0 0 0 0 0 96
+5 288 0 96
+2 672 96 0 0 93 0 0 14 0 96
+8 192 192 0 0 96 0 0 48
fi=(301)
-97 192 0 0 0 0 0 0 0 0 96
-2 96
+1 192
+7 146 146 0 0 66 0 0 38
-6 584 0 0 0 0 0 0 0 0 146
fi=(308)
81 146 146 0 0 146 0 0 71
fi=(301)
190 292 0 0 0 0 0 0 0 0 146 31
fi=(308)
81 96 96 0 0 95 0 0 41
fi=(301)
190 192 0 0 0 0 0 0 0 0 96 31
506 192 0 0 0 0 0 0 0 0 96
+4 31 31
+1 31 31 0 0 18 0 0 9
fi=(308)
133 62 0 31
284 93 0 31
fi=(301)
517 93 0 62 0 0 31
cfi=(308)
cfn=(2790)
calls=31 23 
* 1071415 366566 216613 0 55924 41222 0 34983 22852 191340 18769
fi=(308)
133 65
284 195 0 65
fi=(301)
517 195 0 130 0 0 57
cfi=(308)
cfn=(2790)
calls=65 23 
* 884007 302466 178681 0 46319 33906 0 27022 17476 157939 14976
fi=(304)
68 288 192 0 0 79 0 0 0 0 96
-6 192 96 96 0 0 86 0 0 18
fi=(301)
518 96
fi=(304)
63 96 0 96
fi=(301)
518 96
+2 96 0 96 0 0 84 0 0 12
fe=(300)
294 192
fi=(301)
518 96 0 96 0 0 19
fe=(300)
294 480 96 96 0 79
cfi=(301)
cfn=(2556)
calls=96 144 
* 7097138 1326689 337080 0 27170 8429 0 14378 607 720848 34076 435 3
-36 192 0 0 0 0 0 0 0 0 96
+39 96
+1 1056 864 0 1 190 0 1 0 0 96
fi=(325) /home/max/projects/corintho-ai/bench/../corintho_ai/cpp/src/move.cpp
21 192 0 96
cfi=(300)
cfn=(2780)
calls=96 241 
* 3003843 1008070 588412 1 151241 114172 1 34605 23028 535760 49814
* 192
fi=(301)
508 65 65 0 0 27 0 0 12
fi=(308)
137 65 0 65
+1 65
fe=(300)

fl=(278) /home/max/projects/corintho-ai/bench/../corintho_ai/cpp/src/mlp.cpp
fn=(2688) Mlp::evaluateParallel(float const*, int, float*, float*, int) const [clone ._omp_fn.0]

fl=(309)
fn=(2592)
340 160146
fi=(308)
+28 160146 0 160146
fe=(309)
-26 160146
fi=(308)
+26 1441314 0 960876 0 0 161
fi=(267) /usr/include/c++/13/bitset
506 480438 160146 160146 0 0 6
fe=(309)
341 160146
fi=(267)
506 160146 160146
fe=(309)
340 160146
+21 160146
-21 160146
+21 160146
-20 160146
-1 160146
+1 480438
+1 480438
+1 160146
-1 160146
+1 480438
+17 320292
-17 160146
-3 160146
+1 640584
+1 640584
+1 480438
-2 320292
+2 160146
-2 320292
+1 640584
+1 480438
+1 160146
+21 160146
-21 160146
-1 160146
-3 160146
+4 1601460 0 320292
-3 480438
+28 160146
-1 160146 0 160146 0 0 33
-27 640584 0 160146
+29 320292 0 160146
-28 960876 0 320292
+1 640584
+1 480438
+22 320292
-22 160146
+26 160146
-4 480438 0 160146
+4 800730 0 160146
59 160146
+2 160146 160146
+1 320292 0 0 0 0 0 0 0 0 160146 12323
-1 320292 320292
+1 640584 0 0 0 0 0 0 0 0 320292 9821
-2 1761606 320292 0 0 0 0 0 0 0 480438 20716
+55 480438 320292
+3 960876 160146
+1 160146
-1 320292 0 160146
+3 160146 160146
-13 320292 160146
+9 160146
-1 320292 160146
+1 160146
-1 160146
-1 160146
+2 160146
+4 160146 160146
-4 160146 0 160146
-2 160146 0 160146
+6 640584 160146 0 0 0 0 0 0 0 160146 11807
+1 10442 0 10442
-1 800730 320292 0 0 0 0 0 0 0 160146 183
+1 178 0 178
-1 800730 320292 0 0 0 0 0 0 0 160146 48
+1 46 0 46
+7 46
+3 46
-1 46
+4 46
-3 46
-3 46
+2 46
+1 46
+3 46
+7 46 46
-13 46
+12 46 46
+11 46
+1 46
-11 46
+10 46
+1 46
-12 46
+8 46
+4 46
-12 46
+9 46
-1 46
+1 46
-1 46
+1 46
-1 46
+2 46
+4 46
-4 46
+4 46
-4 46
+3 46
+2 46
-2 46
+2 46
-5 46
+3 46
+6 46
-7 46
-13 46 46
+20 46
-1 46
-19 46
+19 46
+1 46
+4 46
-4 92 0 46
+4 46 0 0 0 0 0 0 0 0 46 10
-35 160100
+3 160100
-1 160100
+4 160100
-3 160100
-3 160100
+2 160100
+1 160100
+3 160100
+7 160100 160100
-13 160100
+12 160100 160100
+11 160100
+1 160100
-11 160100
+10 160100
+1 160100
-12 160100
+8 160100
+4 160100
-12 160100
+9 160100
-1 160100
+1 160100
-1 160100
+1 160100
-1 160100
+2 160100
+4 160100
-4 160100
+4 160100
-4 160100
+3 160100
+2 160100
-2 160100
+2 160100
-5 160100
+3 160100
+6 160100
-7 160100
-13 160100 160100
+20 160100
-1 160100
-19 160100
+19 160100
+1 160100
+4 160100
-4 320200 0 160100
+4 160100 0 0 0 0 0 0 0 0 160100 40211
+3 74260
-2 74260
+2 259910
-3 74260 0 0 0 0 0 0 0 0 37130 3369
+1 6170
+2 21595
-3 43300 0 37130 0 0 0 0 0 0 3085 169
+6 320292 0 0 0 0 0 0 0 0 160146 39429
+3 104715 34905
-2 69810
+2 244335
-3 69810 0 0 0 0 0 0 0 0 34905 5733
+1 5392
+2 18872
-3 5392 0 0 0 0 0 0 0 0 2696 203
41 128193 0 34905 0 0 0 0 0 0 34905 3402
fi=(265) /home/max/projects/corintho-ai/bench/../corintho_ai/cpp/include/util.h
+89 11739 0 11739
-11 23478
fi=(324) /home/max/projects/corintho-ai/bench/../corintho_ai/cpp/include/game.h
-31 11739
fi=(265)
+42 11739
-12 46956 0 23478
+12 23478
fe=(309)
+55 11739 11739
-1 11739 11739
+1 58695
fi=(265)
-23 23478
fe=(309)
+23 23478 23478 0 0 10291
fi=(265)
-23 11739 11739 0 0 9708
+1 23478 0 0 0 0 0 0 0 0 11739 2564
fe=(309)
+22 3942 3942
-1 3942 3942
+1 19710
fi=(265)
-23 7884
fe=(309)
+23 7884 7884 0 0 2861
fi=(265)
-23 3942 3942 0 0 825
+1 42477 0 23062 0 0 0 0 0 0 3942 1539
+1 11531
fi=(324)
-75 11531
fi=(265)
+75 11531
fe=(309)
+27 11531 11531 0 0 5093
fi=(324)
88 11531
+1 23062 0 0 0 0 0 0 0 0 11531 3572
fi=(265)
+75 16789
fi=(324)
-75 16789
fi=(265)
+75 16789
fe=(309)
+27 16789 16789 0 0 3881
fi=(324)
88 16789
+1 33578 0 0 0 0 0 0 0 0 16789 4329
+1 65262 0 0 0 0 0 0 0 0 21754 4643
+1 71080 17770
fi=(265)
+39 71080
+33 35540 0 0 0 0 0 0 0 0 17770 2882
-33 42200
+33 44162 23062 0 0 0 0 0 0 0 10550 2400
+4 23062 11531
+1 23062 0 0 0 0 0 0 0 0 11531 1071
-1 8300 4150
+1 8300 0 0 0 0 0 0 0 0 4150 269
-23 15681 0 15681
+1 15681
fe=(309)
+36 47043 15681 0 0 0 0 0 0 0 15681 4547
fi=(265)
-37 23478 23478
-3 11739
+3 23478 11739 11739
+1 11739
fi=(323)
-45 11739 11739
fi=(265)
+41 35217
fi=(308)
377 11739
fi=(323)
101 11739 0 11739
fi=(308)
373 15509 1885 1885 0 0 0 0 0 0 11739 2061
+20 1761606 1441314 0 0 57 0 0 0 0 160146 496
fe=(309)
71 2762532
+2 460422
-2 2762532
+2 460422
-2 920844
+1 460422
+1 460422
-2 460422
+1 460422
-1 460422
+2 460422
-2 920844
+1 460422
+2 460422
-3 920844
+1 460422
+1 460422
-1 460422
-1 460422
+1 460422
-1 460422
+3 460422
-2 460422
+1 460422
-1 460422
+1 460422
+1 460422
-2 460422
+1 1381266
-1 460422
+1 920844
-1 460422
+1 920844
-1 460422 0 460422
+4 460422
-3 2302110 0 460422 0 0 39
+3 507378 0 0 0 0 0 0 0 0 460422 12390
+3 11739 11739
+1 23478 0 0 0 0 0 0 0 0 11739 4405
-1 35217 35217
+1 70434 0 0 0 0 0 0 0 0 35217 8450
+3 47260
-2 23630
+1 11815
+1 23630 11815 0 0 8114
+1 23630 0 0 0 0 0 0 0 0 11815
-3 3866
+1 1933
+1 3866 1933
+1 3866 0 0 0 0 0 0 0 0 1933
+1 27496
+2 13748
-2 27496 0 13748
-5 39311 0 0 0 0 0 0 0 0 13748 2245
+10 11815 11815
+1 23630 0 0 0 0 0 0 0 0 11815 2
-1 35141 35141
+1 70282 0 0 0 0 0 0 0 0 35141 40
+3 7732
-2 3866
+1 1933
+1 3866 1933
+1 3866 0 0 0 0 0 0 0 0 1933
+1 3866
+2 1933
-2 3866 0 1933
-5 5799 0 0 0 0 0 0 0 0 1933
-13 152607 0 0 0 0 0 0 0 0 46956 12778
fi=(323)
+23 31849 31849
fi=(265)
+41 159245 31849
fi=(323)
-41 31849 0 31849
fi=(304)
-33 316522 158261 0 0 0 0 0 0 0 158261
-24 474783 158261 0 0 0 0 0 0 0 158261 615
+2 294246 147123 147123 0 141112 0 0 21497
fi=(265)
163 147123 147123
fi=(308)
385 147123 147123
fi=(320)
169 294246 0 294246 0 0 141590 0 0 28878
fi=(265)
-6 147123
fi=(308)
385 147123 0 147123
fi=(265)
163 158261 11138 0 0 0 0 0 0 0 147123 7065
fi=(308)
385 11138 11138
fi=(320)
169 22276 0 22276 0 0 11138
fi=(265)
-6 11138
fi=(308)
385 11138 0 11138 0 0 19
fi=(265)
163 11138 0 0 0 0 0 0 0 0 11138 617
fi=(308)
386 302392
+4 302392
+1 151196
-1 604784 151196 0 0 2319
fi=(265)
163 151196
fi=(308)
390 151196 0 151196
fi=(265)
163 151196 0 0 0 0 0 0 0 0 151196 8288
fi=(308)
390 2649322
+1 1324661
-1 5298644 1324661 0 0 40915 0 0 29096
fi=(265)
163 1324661
fi=(308)
390 1324661 0 1324661
fi=(265)
163 1324661 0 0 0 0 0 0 0 0 1324661 143938
-1 151196 151196
fi=(308)
386 302392
+4 151196
+1 151196
-1 151196 0 151196
fi=(265)
163 302392 0 0 0 0 0 0 0 0 151196 12
fi=(308)
390 1324661
+1 1324661
-1 1324661 0 1324661
fi=(265)
163 2951714 151196 0 0 0 0 0 0 0 1324661 144021
+5 302392
-1 151196
+1 165326 0 0 0 0 0 0 0 0 151196 1799
-1 7065
+1 163744 0 0 0 0 0 0 0 0 7065
fi=(308)
390 156679
fi=(265)
169 156679
fi=(308)
391 156679
-1 156679 156679 0 0 1339 0 0 832
fi=(265)
169 313358
fi=(308)
390 470037
fi=(265)
168 156679
fi=(308)
390 156679 0 156679
fi=(265)
168 156679 0 0 0 0 0 0 0 0 156679 2699
fi=(308)
390 3151037
fi=(265)
169 3151037
fi=(308)
391 3151037
-1 3151037 3151037 0 0 34910 0 0 24726
fi=(265)
169 6302074
fi=(308)
390 9453111
fi=(265)
168 3151037
fi=(308)
390 3151037 0 3151037
fi=(265)
168 3307716 0 0 0 0 0 0 0 0 3151037 155423
fi=(308)
390 156679
+1 156679
-1 156679 0 156679
fi=(265)
168 313358 0 0 0 0 0 0 0 0 156679 361
fi=(308)
390 3151037
+1 3151037
-1 3151037 0 3151037
fi=(265)
168 6458753 0 0 0 0 0 0 0 0 3151037 152269
fi=(304)
50 33414 11138 0 0 0 0 0 0 0 11138 479
+2 11119 11119 0 0 26
+2 22238 0 11119
-1 22238 0 11119
+2 11119
-1 19 0 19 0 0 19
-1 38 0 19
+2 19
fe=(309)
-14 250482 0 0 0 0 0 0 0 0 125241 6173
fi=(265)
142 116558
fi=(323)
-41 116558 116558
fi=(265)
+41 466232 116558
fi=(323)
-41 116558 0 116558
fi=(308)
373 116558 0 0 0 0 0 0 0 0 116558 2
fi=(277)
1085 38 0 19
cob=(4)
cfi=(178)
cfn=(2402)
calls=19 0 
* 5503 1080 648 1 296 110 1 6 25 883 39 57 19
* 76 0 19
cob=(4)
cfi=(178)
cfn=(2212)
calls=19 0 
* 1245545 57 1245184 0 56 19456 0 0 19442 1245260 19 19
176 19 0 19 0 0 19
fi=(282)
-62 57 38 0 0 19 0 0 0 0 19
fi=(307)
302 19 0 19 0 0 19 0 0 1
fi=(282)
119 38 0 19
fi=(277)
+80 19 19
fi=(304)
79 38
fi=(308)
386 14130
fe=(309)

fl=(301)
fn=(2556)
144 140448 10032 90288 0 0 94
-75 10032 10032 0 0 9828
+75 40128 10032 20064 0 82
+4 20064 0 0 0 0 0 0 0 0 10032 8561
+15 30096 10032 0 0 2487 0 0 0 0 10032 11
fi=(280)
993 20064 20064 0 0 3608 0 0 14
fe=(301)
172 30000 9936 0 0 0 0 0 0 0 10032
299 19872 0 9936
-70 29808 19872 9936 0 211
+71 9936 9936
+1 9936
+19 9936 0 9936
-20 19872 9936 9936 0 9878
+1 99360 9936 9936 0 9926 0 0 0 0 9936
-1 148325 148325
+1 148325
+19 148325 0 148325
-20 296650 148325 148325 0 16653
+1 2432816 148325 306586 0 147985 30 0 0 0 306586
fi=(308)
85 158261 158261
fe=(301)
301 316522
+1 474783 158261
-78 474783 158261 0 0 37193 0 0 0 0 158261
-1 158261 158261
+1 158261
-1 316522
fi=(308)
98 316522 158261 0 0 149335
fe=(301)
225 633044 158261 158261 0 126227 48
-1 158261
+2 158261
-2 316522 0 0 0 0 0 0 0 0 158261 2511
fi=(308)
98 9254164 4627082 0 0 130142
fe=(301)
225 18508328 4627082 4627082 0 561201
-1 4627082
+2 4627082
-2 9254164 0 0 0 0 0 0 0 0 4627082 155971
+5 1740871 316522 158261
+1 306684 0 0 0 0 0 0 0 0 158261 2617
+1 742115 148423 148423
-1 148423 0 0 0 0 0 0 0 0 148423 4
+1 445257 148419 148419
-1 148419 0 0 0 0 0 0 0 0 148419 7174
+1 426048 142016 142016
-1 142016 0 0 0 0 0 0 0 0 142016 42971
+1 292590 97530 97530
-1 97530 0 0 0 0 0 0 0 0 97530 114
+1 339 113 113
-1 1479681 148423 0 0 0 0 0 0 0 283207 51055
+1 192294 64098 64098
-1 320490 0 0 0 0 0 0 0 0 64098 15571
+1 595400 119080 119080
-1 357240 0 0 0 0 0 0 0 0 119080 42253
+1 77684
-1 77684
+1 77684 77684
-1 77684
+1 77684 0 77684
-1 77684 0 0 0 0 0 0 0 0 77684 32863
+1 120537 40179 40179
+73 3481742 158261 474783 0 2385 1 0 0 0 316522 3931
-51 158261
-14 316522 0 158261
+1 474783 0 158261
-1 633044
+1 633044
+1 474783
+15 158261
fi=(268)
-18 316522
fe=(301)
+19 316522 0 0 0 0 0 0 0 0 158261 930
-18 2827752
+1 2827752
+1 2120814
+15 706938
fi=(268)
-18 1413876
fe=(301)
+19 5739871 0 0 0 0 0 0 0 0 706938
+1 865199
-1 865199
+2 865199
-1 2595597 865199 865199 0 81340 76
-1 865199
+3 865199
-3 865199 0 0 0 0 0 0 0 0 865199 23199
+1 3920144
-1 3920144
+2 3920144
-1 11760432 3920144 3920144 0 356920 50
-1 3920144
+3 3920144
-3 3920144 0 0 0 0 0 0 0 0 3920144 110257
-3 5739871 0 0 0 0 0 0 0 0 865199 22978
+9 1740871 791305 158261
+1 306684 0 0 0 0 0 0 0 0 158261 3636
+1 742115 148423 148423
-1 148423 0 0 0 0 0 0 0 0 148423 4
+1 445257 148419 148419
-1 148419 0 0 0 0 0 0 0 0 148419 24230
+1 426048 142016 142016
-1 142016 0 0 0 0 0 0 0 0 142016 28077
+1 292590 97530 97530
-1 97530 0 0 0 0 0 0 0 0 97530 114
+1 339 113 113
-1 1479681 148423 0 0 0 0 0 0 0 283207 48543
+1 192294 64098 64098
-1 320490 0 0 0 0 0 0 0 0 64098 11941
+1 595400 119080 119080
-1 357240 0 0 0 0 0 0 0 0 119080 42160
+1 77684
-1 77684
+1 77684 77684
-1 77684
+1 77684 0 77684
-1 77684 0 0 0 0 0 0 0 0 77684 32790
+1 120537 40179 40179
+4 40179 40179
+3 40179
+22 40179
-22 281253 0 0 0 0 0 0 0 0 40179 1
-3 118082 118082
+3 118082
+22 118082
-22 1617879 0 158261 0 0 24 0 0 0 276343 2113
+2 158261
-2 158261
+2 316522 0 0 0 0 0 0 0 0 158261 30
-1 158261
+2 474783 316522 158261 0 0 7961
-1 158261
+2 158261
-2 316522 0 0 0 0 0 0 0 0 158261
+1 13881246 9254164 4627082 0 0 123
-1 4627082
+2 4627082
-2 9254164 0 0 0 0 0 0 0 0 4627082 156411
+5 474783 316522
+1 316522 158261
-1 158261
+2 158261
+8 316522 158261
fi=(268)
-27 158261
fi=(308)
-95 158261
fe=(301)
289 158261
fi=(268)
-27 316522
fi=(308)
-95 158261 158261
fe=(301)
281 158261
fi=(308)
167 316522
fe=(301)
291 158261
fi=(308)
167 316522
fe=(301)
281 158261
fi=(308)
167 158261 0 158261
fe=(301)
281 158261 0 0 0 0 0 0 0 0 158261
+8 9254164 4627082
fi=(268)
-27 4627082
fi=(308)
-95 4627082
fe=(301)
289 4627082
fi=(268)
-27 9254164
fi=(308)
-95 4627082 4627082
fe=(301)
281 4627082
fi=(308)
167 9254164
fe=(301)
291 4627082
fi=(308)
167 9254164
fe=(301)
281 4627082
fi=(308)
167 4627082 0 4627082
fe=(301)
281 4627082 0 0 0 0 0 0 0 0 4627082 150828
+12 633044 158261
fi=(308)
147 158261 0 158261
fe=(301)
310 158261 158261
-1 474783 316522
+1 158261 158261 0 0 34530
-1 158261 158261 0 0 16405
+1 158261 0 0 0 0 0 0 0 0 158261 4
+2 905755
fi=(308)
202 1811510 905755 905755 0 91260
+1 905755 0 905755
cfn=(2730)
calls=905755 +66 
* 20833345 9057305 2717265 0 797413 862946 0 0 0 1812000 487
fe=(301)
314 905755 905755
fi=(308)
161 905755 0 905755
+1 905755 0 905755
cfn=(2730)
calls=905755 269 
* 20833345 9057305 2717265 0 0 0 0 0 0 1812000 2546
fe=(301)
315 3623020 905755
+1 1811510 905755 905755
-6 1811510 905755 0 0 86852 0 0 0 0 905755 163553
+9 158261 158261
fi=(308)
202 316522 158261 158261 0 2585
+1 158261 0 158261
cfn=(2730)
calls=158261 +66 
* 633044 316522 0 0 0 0 0 0 0 158261
fi=(280)
993 474783 474783
fe=(301)
299 158261 0 158261
fi=(280)
993 158261
fe=(301)
299 158261 158261
fi=(280)
993 158261
fe=(301)
299 316522 0 0 0 0 0 0 0 0 158261 9962
+22 9936 9936
fi=(308)
161 9936 0 9936
+1 9936 0 9936
cfn=(2730)
calls=9936 269 
* 39744 19872 0 0 0 0 0 0 0 9936 13
fi=(280)
1606 9936 9936
1935 29808 9936 0 0 0 0 0 0 0 9936
+4 9936 0 9936
fe=(301)
181 19872 9936
-6 9936 9936
+6 9936 9936
-6 9936
+6 9936
-6 10032 96 0 0 0 0 0 0 0 9936
+6 96 96
-6 96
+6 96
-6 96 0 0 0 0 0 0 0 0 96
-1 10032
+1 10032
-1 19968 0 0 0 0 0 0 0 0 10032 107
+1 961152 480576 0 0 42 0 0 0 0 320384
662 160192
-1 160192 0 160192
+1 160192 0 160192
+1 160192 160192
fi=(308)
108 160192
fe=(301)
663 640768 160192 160192 0 91 0 0 0 0 160192
-36 320384 160192 0 0 2246
-39 10107185 2756505 0 0 59809 0 0 5631 0 918835 2
fi=(308)
212 918835
fe=(301)
588 918835
fi=(308)
212 3675340 918835 0 0 259895 0 0 21910 0 1837670 51703
+5 868091 868091
+3 868091 868091
-3 868091
+1 1736182
+1 868091
fe=(301)
594 1736182 0 0 0 0 0 0 0 0 868091
+19 4340455 868091 0 0 0 0 0 0 0 868091
+5 49762431 16587477 0 0 240778 0 0 10413 0 16587477 502222
fi=(308)
104 80521100 16104220 0 0 402052 0 0 10524
fe=(301)
622 16104220
fi=(308)
104 48312660 16104220
fe=(301)
623 16104220
-1 16104220 0 0 0 0 0 0 0 0 16104220
+4 16104220
+1 16104220
-1 64416880 48312660 0 0 390126 0 0 10336
+1 32208440
-1 32208440
+3 16104220
+1 32208440
-17 49762431 0 0 0 0 0 0 0 0 16587477 916144
fi=(308)
85 868091 868091
fe=(301)
636 1736182 0 0 0 0 0 0 0 0 868091 342112
+13 1517378 0 0 0 0 0 0 0 0 758689 63
fi=(308)
192 92 0 46
+1 46 0 46
cfn=(2730)
calls=46 +76 
* 1058 460 138 0 0 0 0 0 0 92
fe=(301)
680 46 46
fi=(308)
202 138 92 46
+1 46 0 46
cfn=(2730)
calls=46 +66 
* 1058 460 138 0 0 0 0 0 0 92 5
fe=(301)
685 46 46
fi=(308)
161 46 0 46
+1 46 0 46
cfn=(2730)
calls=46 269 
* 1058 460 138 0 0 0 0 0 0 92 1
fe=(301)
688 138 92 0 0 0 0 0 0 0 46
fi=(308)
197 250 0 250
+1 250 0 250
cfn=(2730)
calls=250 +71 
* 5750 2500 750 0 0 0 0 0 0 500 44
fe=(301)
690 250 250
fi=(308)
207 750 500 250
+1 250 0 250
cfn=(2730)
calls=250 +61 
* 5750 2500 750 0 0 0 0 0 0 500
fe=(301)
691 750 500 250
-3 500 250 0 0 0 0 0 0 0 250 51
fi=(308)
197 46 0 46
+1 46 0 46
cfn=(2730)
calls=46 +71 
* 184 92 0 0 0 0 0 0 0 46
fe=(301)
695 46 46
fi=(308)
207 138 92 46
+1 46 0 46
cfn=(2730)
calls=46 +61 
* 184 92 0 0 0 0 0 0 0 46 44
fe=(301)
696 46 46
fi=(280)
993 46 46
fe=(301)
696 92 0 46
fi=(280)
993 184 46
fe=(301)
175 92 46 0 0 0 0 0 0 0 46
fi=(280)
993 640584 160146
fe=(301)
175 470638 310492 0 0 0 0 0 0 0 160146 9846
-1 150346
+1 150346
-1 150346 0 0 0 0 0 0 0 0 150346 91
+7 948 0 0 0 0 0 0 0 0 186
+2 130416 100320 0 0 8896 0 0 0 0 10032 2
fi=(308)
+9 758643
fe=(301)
654 758643 758643 0 0 214878 0 0 4082
fi=(308)
192 758643 0 758643
+1 758643 0 758643
cfn=(2730)
calls=758643 +76 
* 14410860 6307302 1796256 0 31028 0 0 1264 0 1357395 167763
fe=(301)
680 758643 758643
fi=(308)
202 2275929 1517286 758643
+1 758643 0 758643
cfn=(2730)
calls=758643 +66 
* 14410860 6307302 1796256 0 0 0 0 0 0 1357395 544
fe=(301)
716 758643 0 758643
-53 758643 758643 0 0 255619 0 0 17859
fi=(308)
108 758643
fe=(301)
663 1517286 0 0 0 0 0 0 0 0 758643
-9 1517286
fi=(308)
177 50744 50744 0 0 44144 0 0 8596
-1 50744 50744
+3 101488 50744
-2 50744
-1 50744
+1 101488
+4 150990 0 0 0 0 0 0 0 0 50744 1299
-4 346514 49502
-1 99004 49502
+1 49502
+6 99004 0 0 0 0 0 0 0 0 49502 22598
-6 7085485 1417097 0 0 22417 0 0 7191
-1 2834194 1417097
+1 1417097
+6 2834194 0 0 0 0 0 0 0 0 1417097 87019
+1 97568
+1 97568
-4 4399797 0 0 0 0 0 0 0 0 1466599 49894
fi=(319) /usr/include/c++/13/bits/move.h
+16 50744 50744
+1 152232 50744 101488 0 0 9
+1 50744 0 50744
fi=(308)
85 50744 50744
fe=(301)
636 101488 50744 0 0 0 0 0 0 0 50744
fi=(308)
104 355208 152232
fe=(301)
637 50744
+1 101488 50744 0 0 0 0 0 0 0 50744 449
fi=(308)
98 50744 50744
fe=(301)
644 50744
fi=(308)
98 152232 0 50744
fe=(301)
641 204218 50744 0 0 0 0 0 0 0 50744 51
fi=(308)
192 2484 0 1242
+1 1242 0 1242
cfn=(2730)
calls=1242 +76 
* 28566 12420 3726 0 214 0 0 19 0 2484
-1 317808 0 158904
+1 158904 0 158904
cfn=(2730)
calls=158904 +76 
* 3649073 1586632 475809 0 26214 0 0 2165 0 317507 1008
fe=(301)
680 160146 160146
fi=(308)
202 480438 320292 160146
+1 160146 0 160146
cfn=(2730)
calls=160146 +66 
* 3677639 1599052 479535 0 0 0 0 0 0 319991 1257
fe=(301)
700 160146
fi=(304)
68 160146 160146 0 0 2895
fe=(301)
700 160146 0 0 0 0 0 0 0 0 160146 1455
fi=(304)
68 328206 0 0 0 0 0 0 0 0 109402
-24 328206 109402 0 0 0 0 0 0 0 109402 488
+2 204012 102006 102006 0 94388 0 0 18436
fe=(301)
711 408024 306018 0 0 78606 0 0 5254
fi=(308)
89 102006 102006
fe=(301)
711 306018 0 102006
cfi=(308)
cfn=(2734)
calls=102006 38 
* 110132373 11107479 13405046 0 245252 219013 0 56667 60205 9638700 596888 44777 197
* 29584 22188 0 0 5737 0 0 194
fi=(308)
89 7396 7396 0 0 5
fe=(301)
711 22188 0 7396
cfi=(308)
cfn=(2734)
calls=7396 38 
* 8864452 809352 1864030 0 11963 33880 0 103 14648 1591147 44746 3191 29
fi=(308)
133 109402 0 109402 0 0 19
fe=(301)
712 109402 0 109402 0 0 19
+1 109402 109402
fi=(308)
108 109402
fe=(301)
721 320292 0 0 0 0 0 0 0 0 160146 1729
fi=(308)
141 158261 158261 0 0 34
+1 158261
-1 158261 0 158261
+1 158261 0 158261
cfn=(2730)
calls=158261 269 
* 3640003 1582610 474783 0 0 0 0 0 0 316522 62
fe=(301)
743 158261 158261
fi=(321)
29 158261
fi=(280)
993 316522 316522 0 0 31
fi=(267)
506 158261 158261 0 0 7
fi=(280)
993 158261
fe=(301)
743 316522 158261 0 0 20
fi=(309)
278 316522
fi=(321)
29 949566 316522 158261 0 3790 48880
fi=(309)
278 316522
fi=(321)
29 474783 158261 158261 0 1674 39585
fi=(309)
278 316522
fi=(321)
29 474783 158261 158261 0 1409 39547
fi=(309)
278 316522
fi=(321)
29 474783 158261 158261 0 1462 39582
fi=(309)
278 316522
fi=(321)
29 474783 158261 158261 0 2455 39547
fi=(309)
278 316522
fi=(321)
29 474783 158261 158261 0 1998 39585
fi=(309)
278 316522
fi=(321)
29 474783 158261 158261 0 992 39547
fi=(309)
278 316522
fi=(321)
29 474783 158261 158261 0 1666 39582
fi=(309)
278 316522
fi=(321)
29 474783 158261 158261 0 1833 39547
fi=(309)
278 316522
fi=(321)
29 474783 158261 158261 0 1228 39585
fi=(309)
278 316522
fi=(321)
29 474783 158261 158261 0 1152 39547
fi=(309)
278 316522
fi=(321)
29 474783 158261 158261 0 584 39582
fi=(309)
278 316522
fi=(321)
29 474783 158261 158261 0 1007 39547
fi=(309)
278 474783
fi=(321)
29 474783 0 158261 0 0 39585
fi=(309)
284 158261 158261 0 0 42
fi=(321)
29 633044 316522 316522 0 1778 79129
fi=(309)
284 4431308 316522
-1 158261 0 158261 0 0 19774
+1 2215654 158261
-1 158261 0 158261
+1 2215654 158261
-1 158261 0 158261 0 0 19773
+1 2373915 158261
-1 158261 0 158261
+1 2057393 158261
-1 158261 0 158261 0 0 19807
+1 158261 158261
fi=(280)
1283 316522 316522
fi=(309)
284 316522
-1 158261 0 158261
fi=(280)
1283 158261 0 0 0 0 0 0 0 0 158261
fi=(281) /usr/include/c++/13/bits/new_allocator.h
191 158261 158261
fi=(280)
1288 158261
fi=(281)
191 158261 0 158261 0 0 6150 0 0 126
fi=(280)
1288 158261 0 158261
fe=(301)
750 158261 158261
181 158261 158261
750 318407 1885 158261
181 1885 1885
750 3770 0 1885
fi=(308)
104 3845772 1098792 0 0 4635 0 0 88
fe=(301)
637 549396
+1 1098792 0 0 0 0 0 0 0 0 549396 115905
fi=(308)
98 218804 109402 109402 0 0 24
fe=(301)
641 109402
fi=(308)
98 218804
fe=(301)
641 109402
fi=(308)
98 109402 0 109402
fe=(301)
641 109402 0 0 0 0 0 0 0 0 109402 1523
+3 854420 268306 0 0 42221 0 0 1511 0 158904 57263
fi=(308)
176 157415
+5 157415 157415
-2 157415
-2 157415 157415 0 0 1725 0 0 85
-1 157415 157415
+1 157415
-1 157415
+1 314830
+4 472245 0 0 0 0 0 0 0 0 157415 1363
-4 1239680 154960 154960 0 2014 0 0 128
-1 309920 154960
+1 154960
+6 309920 0 0 0 0 0 0 0 0 154960 77043
-6 18619890 3723978 0 0 36527 0 0 5284
-1 7447956 3723978
+1 3723978
+6 7447956 0 0 0 0 0 0 0 0 3723978 352841
+1 387809
+1 387809
-4 11791774 154960 0 0 0 0 0 0 0 3878938 163819
fi=(319)
+16 154960 154960
+1 309920 154960 154960
+1 154960 0 154960
fi=(308)
-10 154960
fi=(319)
+8 2455 2455
+1 4910 2455 2455
+1 2455 0 2455
fi=(308)
-10 2455
fe=(301)
539 2342 2342
+4 7026 2342 0 0 0 0 0 0 0 2342
-1 8121 3437
+3 6874 0 0 0 0 0 0 0 0 3437 1434
fi=(308)
125 8860 1772 0 0 265 0 0 12
fe=(301)
552 3544
+3 1772
-12 3544 0 0 0 0 0 0 0 0 1772 668
fi=(308)
98 3437
-17 3437 3437 0 0 1690 0 0 114
+17 6874 3437 0 0 11
fe=(301)
545 6874 0 0 0 0 0 0 0 0 3437
727 11310 3770 0 0 0 0 0 0 0 3770 1
-1 1885 1885
fi=(308)
141 1885 0 1885
+1 1885 0 1885
cfn=(2730)
calls=1885 269 
* 50895 16965 5655 0 0 0 0 0 0 7540 1336
fe=(301)
731 9425 3770 0 0 0 0 0 0 0 1885
+3 1885 1885
fi=(308)
202 1885 1885
fe=(301)
732 1885 0 1885
fi=(308)
202 1885 0 1885
+1 1885 0 1885
cfn=(2730)
calls=1885 +66 
* 50895 16965 5655 0 0 0 0 0 0 7540 1883
fe=(301)
734 10596 10596
fi=(308)
202 10596 10596
fe=(301)
732 10596 0 10596
fi=(308)
202 10596 0 10596
+1 10596 0 10596
cfn=(2730)
calls=10596 +66 
* 211549 89966 26133 0 0 1 0 0 0 21135 4651
fe=(301)
735 62405 37443
-4 24962 0 0 0 0 0 0 0 0 12481
fi=(280)
993 3770 1885
fe=(301)
532 5655 1885 0 0 0 0 0 0 0 1885
fi=(308)
121 23420 4684
fe=(301)
534 9368 0 0 0 0 0 0 0 0 4684
fi=(308)
156 2342 0 2342
+1 4684 0 2342
cfn=(2730)
calls=2342 269 
* 63234 21078 7026 0 0 0 0 0 0 9368 63
fe=(301)
532 11196 5598 0 0 0 0 0 0 0 2799
fi=(308)
85 677 677
fe=(301)
558 1354 0 0 0 0 0 0 0 0 677 307
+4 914 0 0 0 0 0 0 0 0 457
fi=(304)
50 22188 7396 0 0 0 0 0 0 0 7396 5
+2 7391 7391 0 0 157
+2 14782 0 7391
-1 14782 0 7391
+2 7391
-1 5 0 5 0 0 5
-1 10 0 5
+2 5
+13 50744
fe=(301)
701 50744 50744
fi=(304)
68 101488 0 0 0 0 0 0 0 0 50744
-24 152232 50744 0 0 0 0 0 0 0 50744 920
+2 94768 47384 47384 0 43893 0 0 8543
+1 47384
fi=(308)
156 457 0 457
+1 914 0 457
cfn=(2730)
calls=457 269 
* 12339 4113 1371 0 0 0 0 0 0 1828 330
+1 457
fi=(304)
50 10080 3360 0 0 0 0 0 0 0 3360 3
+2 3357 3357 0 0 53
+2 6714 0 3357
-1 6714 0 3357
fe=(301)
703 10071 6714
fi=(308)
89 3357 3357
fe=(301)
703 13428 3357 3357
cfi=(308)
cfn=(2734)
calls=3357 38 
* 4378122 369010 1209372 1 5743 23746 1 137 12294 1095994 23177 48 12
fi=(304)
54 3 0 3 0 0 3
-1 6 0 3
fe=(301)
703 9 6 0 0 6
fi=(308)
89 3 3 0 0 3
fe=(301)
703 12 3 3 0 2
cfi=(308)
cfn=(2734)
calls=3 38 
* 3417 336 409 0 13 29 0 0 0 298 17
* 142152 94768
fi=(308)
89 47384 47384
fe=(301)
703 189536 47384 47384
cfi=(308)
cfn=(2734)
calls=47384 38 
* 50591110 5083302 6104791 0 158294 117616 0 34907 29053 4530774 314627 12 3
fi=(308)
137 101488 50744 50744 0 15
fe=(301)
704 101488 50744 50744
+1 50744 50744
fi=(308)
108 50744
fe=(301)
705 50744
fi=(280)
993 9840 9840
fe=(301)
181 29520 9840 0 0 3 0 0 0 0 9840
-22 19680
+70 9838
+1 19676
+33 9838
+1 19676
163 192 96 0 0 77 0 0 0 0 96
fi=(277)
1085 10 0 5
cob=(4)
cfi=(178)
cfn=(2402)
calls=5 0 
* 1362 248 153 0 74 13 0 0 5 226 14 15 5
* 20 0 5
cob=(4)
cfi=(178)
cfn=(2212)
calls=5 0 
* 327775 15 327680 0 15 5120 0 0 5117 327700 6 5
176 5 0 5 0 0 5
fi=(282)
-62 15 10 0 0 5 0 0 0 0 5
fi=(307)
302 5 0 5 0 0 5
fi=(282)
119 10 0 5
fi=(277)
+80 5 5
fi=(304)
79 10
fe=(301)
181 39378 9846 0 0 0 0 0 0 0 9846 7
fi=(277)
1085 6 0 3
cob=(4)
cfi=(178)
cfn=(2402)
calls=3 0 
* 701 132 75 0 41 5 0 0 3 109 5 9 3
* 12 0 3
cob=(4)
cfi=(178)
cfn=(2212)
calls=3 0 
* 196665 9 196608 0 8 3072 0 0 3070 196620 3 3
176 3 0 3 0 0 3
fi=(282)
-62 9 6 0 0 3 0 0 0 0 3
fi=(307)
302 3 0 3 0 0 3
fi=(282)
119 6 0 3
fi=(277)
+80 3 3
fi=(304)
79 6
fe=(301)

fn=(2782)
116 1248 96 576 0 0 96 0 0 1
+3 192 96 0 0 0 0 0 0 0 96 66
+2 96 96
fi=(267)
506 96
fi=(321)
29 96
fi=(267)
506 96 96 0 0 33 0 0 9
fi=(309)
278 192
fi=(321)
29 576 192 96 0 6 96
fi=(309)
278 192
fi=(321)
29 288 96 96 0 2
fi=(309)
278 192
fi=(321)
29 288 96 96 0 2
fi=(309)
278 192
fi=(321)
29 288 96 96 0 3 96
fi=(309)
278 192
fi=(321)
29 288 96 96 0 3
fi=(309)
278 192
fi=(321)
29 288 96 96 0 5
fi=(309)
278 192
fi=(321)
29 288 96 96 0 1
fi=(309)
278 192
fi=(321)
29 288 96 96 0 3 96
fi=(309)
278 192
fi=(321)
29 288 96 96 0 1
fi=(309)
278 192
fi=(321)
29 288 96 96 0 3
fi=(309)
278 192
fi=(321)
29 288 96 96 0 2
fi=(309)
278 192
fi=(321)
29 288 96 96 0 2 96
fi=(309)
278 192
fi=(321)
29 288 96 96 0 4
fi=(309)
278 288
fi=(321)
29 576 192 192 0 2
fi=(309)
284 96 96
fi=(321)
29 96 0 96 0 0 96
fi=(309)
284 2592 192
-1 96 0 96
+1 1344 96
-1 96 0 96
+1 1344 96
-1 96 0 96
+1 1440 96
-1 96 0 96
+1 1152 96
-1 96 0 96
+1 384 96
fi=(321)
59 96
fi=(309)
283 96 0 96
fi=(321)
59 1152 0 1152 0 0 627 0 0 1
fe=(301)
+68 480 288 0 0 0 0 0 0 0 96
+5 768 0 0 0 0 0 0 0 0 384
+4 384 192 0 0 0 0 0 0 0 96
328 384 192 0 0 0 0 0 0 0 96
-1 96
-1 96
+2 10968 0 0 0 0 0 0 0 0 3592 203
fi=(308)
104 3592
fe=(301)
329 3592
fi=(308)
104 17960 3592 0 0 135
fe=(301)
329 7184 0 0 0 0 0 0 0 0 3592 1
fi=(308)
98 3592 3592
fe=(301)
330 3592
fi=(308)
98 7184
fe=(301)
506 192 0 0 0 0 0 0 0 0 96 39
+4 30 30
fi=(308)
284 60 30
133 30 0 30
284 30 0 30
fe=(301)
517 90 0 30 0 0 30 0 0 1
cfi=(308)
cfn=(2790)
calls=30 23 
* 1401908 480206 283526 0 72014 53680 0 20619 13284 250352 24142
* 198 0 66 0 0 66
cfi=(308)
cfn=(2790)
calls=66 23 
* 1460722 500132 295382 0 74010 56903 0 13075 8751 260872 24663
fi=(304)
68 192 96 0 0 0 0 0 0 0 96 39
-6 192 96 96 1 0 85 1
+1 96 0 96
fe=(301)
520 96 0 96 0 0 89
-2 288 0 96 0 0 22
142 1056 768 0 0 264 0 0 0 0 96 56
508 66 66
fi=(308)
284 66
137 66 0 66
284 66 0 66
fe=(301)
517 66
-50 192 0 0 0 0 0 0 0 0 96 1
-9 96
+1 96
+1 96
-4 96
+1 192
+25 2716 2716 0 0 1166 0 0 293
-15 10768 0 0 0 0 0 0 0 0 2716 97
+1 8148 2716 0 0 2537 0 0 609 0 2716 92
+2 13145 2629 0 0 0 0 0 0 0 5258 195
fi=(308)
73 2629 2629
fe=(301)
473 7755 0 0 0 0 0 0 0 0 5126 155
fi=(308)
81 132 132
fe=(301)
476 132
+2 132
-1 264
+7 192 0 0 0 0 0 0 0 0 96
+1 192 0 96
+2 192 0 0 0 0 0 0 0 0 96 1

ob=(2)
fl=(205) ./malloc/./malloc/morecore.c
fn=(718) __glibc_morecore
25 2
+1 4 2 0 0 0 0 0 0 0 2
-1 4 0 2
+4 2 0 2
cfi=(206) ./misc/./misc/sbrk.c
cfn=(720) sbrk
calls=2 +8 
* 84 22 14 0 8 4 0 3 0 14 2
+1 4 0 0 0 0 0 0 0 0 2
-3 2
+7 4 4

fl=(207) ./misc/../sysdeps/unix/sysv/linux/brk.c
fn=(722) brk
36 2
fi=(328) ./misc/../sysdeps/unix/sysv/linux/brk_call.h
-12 4
fe=(207)
+13 4 2 2
+1 4 0 0 0 0 0 0 0 0 2
+2 4 2 2 0 2 2
+1 4 2

fl=(243)
fn=(1900)
255 47892
+1 47892
+6 47892
+1 47892 0 0 0 0 0 0 0 0 47892 467
+2 9807 9807 0 0 4538 0 0 244
+1 9807
+1 9807 0 0 0 0 0 0 0 0 9807 557
+3 7961 7961 0 0 3
+1 7961 0 7961 0 0 5097 0 0 2255
+1 7961 0 7961 0 0 3779 0 0 1446
+3 15922 7961
+30 38085
+1 38085 0 0 0 0 0 0 0 0 38085 165
+2 19698
+1 19698 0 0 0 0 0 0 0 0 19698
+33 18387 18387 0 0 2920 0 0 110
+1 18387 18387
+1 18387 0 18387 0 0 6993 0 0 2131
+1 18387 0 18387 0 0 4369 0 0 2567
+2 18387 18387
+17 19698 19698
+1 19698 19698
+1 19698 0 19698 0 0 7571 0 0 2598
+1 19698 0 19698 0 0 2193 0 0 550
+1 19698 19698
+7 1846 1846 0 0 4
+1 1846 1846
+1 1846 0 1846 0 0 826 0 0 338
+1 1846 0 1846 0 0 888 0 0 486
+1 1846 0 1846 0 0 1846 0 0 1005
+1 1846 0 1846
+1 3692 1846
+5 1846 1846 0 0 1688
+1 1846 0 0 0 0 0 0 0 0 1846
+5 1846
+1 1846 0 0 0 0 0 0 0 0 1846 204
+2 1846 1846 0 0 868 0 0 46
+1 1846
+1 1846 0 0 0 0 0 0 0 0 1846

fl=(202)
fn=(724) alloc_perturb
1985 126 42 0 0 0 0 0 0 0 42
+2 42 42

fn=(716) _int_malloc
3846 462 42 294 0 0 19
1326 84 0 0 0 0 0 0 0 0 42 7
+19 252 0 0 0 0 0 0 0 0 42
3887 84 0 0 0 0 0 0 0 0 42
1794 42 42
3914 84 0 0 0 0 0 0 0 0 42
+63 84 0 0 0 0 0 0 0 0 42
+62 840 0 0 0 0 0 0 0 0 168
+1 126 42 0 0 42 0 0 0 0 42
+20 42 42
-1 42
-1 42
+1 84 0 42
+1 84 42 0 0 0 0 0 0 0 42
-2 84 42
+12 210 42 42 0 42 0 0 0 0 42 28
-1 42 0 21
+4 42 21 0 0 21
+1 21
+2 42 0 0 0 0 0 0 0 0 21
+1 63 21 0 0 21 0 0 0 0 21
+2 21 21 0 0 21
+1 84 0 0 0 0 0 0 0 0 42
+2 84 21 0 0 0 0 0 0 0 21
-10 21 21 0 0 2
+12 42 21 0 0 0 0 0 0 0 21
+1 42 21 0 0 0 0 0 0 0 21
+2 42 0 0 0 0 0 0 0 0 21
+11 84 0 0 0 0 0 0 0 0 42
+29 21 0 21
+1 21 0 21
+4 42 0 0 0 0 0 0 0 0 21
+29 42 0 0 0 0 0 0 0 0 21
+8 263 0 19 0 0 0 0 0 0 42 2
+1 19
+1 19 19 0 0 19
-1 19
+4 38 0 0 0 0 0 0 0 0 19
-4 2
+1 2 2 0 0 2
-1 2
+4 4 0 0 0 0 0 0 0 0 2
+5 2 2
-2 2
+2 6 2 0 0 2 0 0 0 0 2
+1 4 0 0 0 0 0 0 0 0 2
4487 504 378 0 0 0 0 0 0 0 42
4221 42 21
+9 21 0 21
-9 42
+9 21 21
-9 63 0 21 0 0 21
+1 21 0 21
+1 21 0 21
+1 21 0 21
+1 21 0 21
+6 42 0 0 0 0 0 0 0 0 21
4070 63 21 0 0 0 0 0 0 0 21 19
4246 42 0 0 0 0 0 0 0 0 21 1
+11 126 0 0 0 0 0 0 0 0 42
+2 126
+3 42 42 0 0 40 0 0 1
-3 42
+3 84 0 0 0 0 0 0 0 0 42
+1 42
+71 126
-4 42
+1 42
+1 42
-1 42
+1 42
+1 84 42 0 0 21
+1 126
+5 168 0 0 0 0 0 0 0 0 42
-99 84 21 21 0 0 0 0 0 0 21
-22 19
-48 19
+48 57 0 19 0 0 19
4343 126 0 0 0 0 0 0 0 0 42 21
4443 42 42
+1 84 42 0 0 23 0 0 2
+2 84 42 0 0 21 0 0 0 0 42
+3 126 0 0 0 0 0 0 0 0 42 2
+17 8 2 2 0 0 0 0 0 0 2
4169 8 0 0 0 0 0 0 0 0 2
+23 6 2 0 0 2 0 0 0 0 2
+1 4 0 0 0 0 0 0 0 0 2
+6 2 0 0 0 0 0 0 0 0 2
+13 2 2 0 0 2
+1 4 2 0 0 0 0 0 0 0 2
-44 20 0 2 0 0 0 0 0 0 2
+33 4 2 0 0 2
2552 2 2 0 0 2
+12 2 2 0 0 2 0 0 1
-12 10 2 4 0 2 2 0 1
+12 2 0 0 0 0 0 0 0 0 2
4460 126 0 42 0 0 17
cfn=(724)
calls=42 1985 
* 168 84 0 0 0 0 0 0 0 42
+1 42
-9 80
+2 80
-1 40 0 40
+1 40
-3 40
+3 40
+2 40
-2 160 0 40
+2 40 0 40 0 0 40 0 0 40
+3 80
2553 2 0 2
+36 6 2
+1 2
-1 2 0 2
+1 2 0 2
+9 20 6 0 1 0 0 1 0 0 8
+6 6 4 0 0 0 0 0 0 0 2
+3 6 0 0 0 0 0 0 0 0 2
2921 6 4 0 0 0 0 0 0 0 2
+1 2 0 2
+4 2 2
+4 10 4 0 0 0 0 0 0 0 2
+5 2
-2 2
+5 2
-3 4
-3 2
+2 2 0 2
+1 2
+1 2
-1 6 0 2
+1 2 0 2 0 0 2 0 0 2
4482 2
2669 6 2 2
+8 4 2 0 0 0 0 0 0 0 2
+14 2 2
+2 2 2
-2 4 0 0 0 0 0 0 0 0 2
+8 10 2 2
+8 4 0 0 0 0 0 0 0 0 2
+20 2 2
+1 2
-1 4 0 0 0 0 0 0 0 0 2
+11 4 2
+4 4 0 0 0 0 0 0 0 0 2
+2 2 2
+2 2 2
-2 2 0 0 0 0 0 0 0 0 2
+2 2
+6 2
-6 2 0 2
+9 4 2 0 0 0 0 0 0 0 2
2873 2
+3 2
-1 2 0 2
+1 8 0 2 0 0 2 0 0 2
+12 2 2
-11 2 0 2
+11 4 0 0 0 0 0 0 0 0 2
+7 4
+1 6 0 2
+8 2 0 2 0 0 2 0 0 2
+2 2 0 2
+5 4 0 0 0 0 0 0 0 0 2
+2 8 0 2
cfn=(1952) _int_free
calls=2 4495 
* 264 74 48 0 0 2 0 0 2 44
* 2
-66 4 0 0 0 0 0 0 0 0 2
-65 2
+84 4 0 0 0 0 0 0 0 0 2
2732 12 4 2
cfn=(2774) sysmalloc_mmap_fallback.constprop.0
calls=2 2490 
* 202 46 36 0 2 2 0 1 0 24
* 2
+2 4 0 0 0 0 0 0 0 0 2
-25 6 0 4
cfi=(205)
cfn=(718)
calls=2 25 
* 106 28 18 0 8 4 0 3 0 18 2
+1 4 2
-1 2
+1 2 0 0 0 0 0 0 0 0 2
+2 2
+3 4 0 0 0 0 0 0 0 0 2

fn=(704)
3294 336 0 168
+7 84 42 0 0 42 0 0 0 0 42
1326 84 0 0 0 0 0 0 0 0 42
+19 210 0 0 0 0 0 0 0 0 42 1
3311 84
+2 168 84 0 0 84 0 0 0 0 42
+3 84 42 0 0 42 0 0 0 0 42
+10 84 42 0 0 42 0 0 0 0 42 5
+28 252 210
-26 168 0 42 0 0 19
cfn=(716)
calls=42 3846 
* 8403 1436 938 1 299 132 1 9 48 1389 82
+1 210 42 0 0 0 0 0 0 0 84
fi=(203) ./malloc/./malloc/arena.c
153 84 0 0 0 0 0 0 0 0 42 7
fe=(202)

fn=(1956) _int_free_maybe_consolidate
4770 22 2 14
+6 4 0 0 0 0 0 0 0 0 2
+22 22 18 0 0 0 0 0 0 0 2

fn=(1952)
4495 14 0 8
+4 6 2
+6 8 0 0 0 0 0 0 0 0 2
+1 4 0 0 0 0 0 0 0 0 2
+4 10 0 0 0 0 0 0 0 0 4
+8 8 4 0 0 0 0 0 0 0 2
-1 4
+1 4 2 0 0 0 0 0 0 0 2
1792 2 2
4561 4 0 0 0 0 0 0 0 0 2
+76 4 2 0 0 0 0 0 0 0 2
+3 4 2 0 0 0 0 0 0 0 2
+18 2
-12 2
+12 8 8
-12 2
cfn=(1954) _int_free_merge_chunk
calls=828 +19 
* 178 52 40 0 0 2 0 0 2 26

fn=(1954)
4665 10 0 8
+1 2
-1 6 0 4
+5 12 2 0 0 0 0 0 0 0 2
+3 4 2 0 0 0 0 0 0 0 2
+5 6 2 0 0 0 0 0 0 0 2
+3 4
+1 4 0 0 0 0 0 0 0 0 2
+1 4 2 0 0 0 0 0 0 0 2
1992 6 2 0 0 0 0 0 0 0 2
4689 4 2 0 0 0 0 0 0 0 2
+25 4 2 0 0 0 0 0 0 0 2
+6 4 2 0 0 0 0 0 0 0 2
+4 2 0 2
+9 2 2
-1 2
+1 6
+1 4 2 0 0 0 0 0 0 0 2
+2 2 0 2 0 0 2 0 0 2
+2 4 0 0 0 0 0 0 0 0 2
+5 2 0 2
+1 2 0 2
+2 6 0 2
+1 2 0 2
-45 2
-1 4
+1 12 12
-1 2
cfn=(1956)
calls=828 +69 
* 48 20 14 0 0 0 0 0 0 4
+39 6 0 2

fn=(2774)
2490 22 0 12
+4 2 2
+3 6 2 0 0 0 0 0 0 0 2
+4 4 0 0 0 0 0 0 0 0 2
+1 4
+4 2
-1 4 0 0 0 0 0 0 0 0 2
+3 16 0 2
cfi=(296) ./misc/../sysdeps/unix/sysv/linux/mmap64.c
cfn=(2380) mmap
calls=2 47 
* 52 8 6 0 0 0 0 0 0 8
* 2
+3 4 0 0 0 0 0 0 0 0 2
+4 4 0 0 0 0 0 0 0 0 2
+4 8 0 2
cfi=(297) ./misc/../sysdeps/unix/sysv/linux/setvmaname.c
cfn=(2382) __set_vma_name
calls=2 33 
* 42 18 10 0 2 2 0 1 0 4
+5 2 0 2
+2 2 0 2
+2 18 14
2008 8 2 0 0 0 0 0 0 0 2

fl=(269) ./csu/../sysdeps/nptl/libc_start_call_main.h
fn=(2052) (below main)
cob=(11)
cfi=(266)
cfn=(2060)
calls=0 78 
58 1194211832 231303682 73482292 3 5748644 2171815 3 328347 187907 121479922 5205822 58410 291

fl=(297)
fn=(2382)
33 14 0 8 0 0 2
+2 10 4 2 0 2 0 0 1 0 2
+14 18 14 0 0 0 0 0 0 0 2

fl=(211)
fn=(750)
158 42
+1 84
+5 42
+1 42 0 0 0 0 0 0 0 0 42
+1 42
+1 42
+1 42 0 0 0 0 0 0 0 0 42 5
+69 42 42 0 0 37
+1 42 0 0 0 0 0 0 0 0 42
+87 42
+1 42
+1 42
+1 2752554 0 2752512 0 0 43008 0 0 42975 2752554 42
+1 42
+1 84 42 0 0 42

fl=(264)
fn=(2024)
cfi=(269)
cfn=(2052)
calls=0 29 
360 1194211832 231303682 73482292 3 5748644 2171815 3 328347 187907 121479922 5205822 58410 291

fl=(296)
fn=(2380)
47 2
+3 4 0 0 0 0 0 0 0 0 2
-3 12 0 6
+6 4 0 0 0 0 0 0 0 0 2
+5 12 0 0 0 0 0 0 0 0 2
+2 8 8
-7 10 0 0 0 0 0 0 0 0 2

fl=(206)
fn=(720)
37 16 0 8 0 0 2
+3 2 2 0 0 2 0 0 1
+3 2 2 0 0 2 0 0 1
-3 2 2 0 0 2 0 0 1
+3 2 0 0 0 0 0 0 0 0 2
+15 4 0 0 0 0 0 0 0 0 2
+4 4 0 0 0 0 0 0 0 0 2
+4 8 0 0 0 0 0 0 0 0 4 2
+12 2
-28 2
+28 12 10
-4 2 0 2
cfi=(207)
cfn=(722)
calls=2 -38 
* 22 6 4 0 2 2 0 0 0 2
* 4 0 0 0 0 0 0 0 0 2

totals: 1194211832 231303682 73482292 3 5748644 2171815 3 328347 187907 121479922 5205822 58410 291
