# callgrind format
version: 1
creator: callgrind-3.22.0
pid: 801880
cmd:  /home/max/projects/corintho-ai/bench/results/long-profile-2026-09-23/bin/selfplay_nn - /home/max/projects/corintho-ai/bench/results/long-profile-2026-09-23/model.mlp 48 1600 16 1 901
part: 2


desc: I1 cache: 65536 B, 64 B, 8-way associative
desc: D1 cache: 32768 B, 64 B, 8-way associative
desc: LL cache: 25165824 B, 64 B, 12-way associative

desc: Timerange: Basic block 1041520028 - 1817274965
desc: Trigger: dump

positions: line
events: Ir Dr Dw I1mr D1mr D1mw ILmr DLmr DLmw Bc Bcm Bi Bim
summary: 1279435831 237078992 90611615 11 6216672 2548524 5 196197 255844 136930584 4906400 61907 541


ob=(9) /usr/lib/x86_64-linux-gnu/libstdc++.so.6.0.33
fl=(222) ???
fn=(2076) operator new(unsigned long)
0 1727 0 471 0 0 13
cob=(4) ???
cfi=(178) ???
cfn=(1534) 0x0000000004ca7210
calls=157 0 
0 39287 7499 4429 3 2061 592 1 8 190 6666 293 157 156
0 785 471 0 0 0 0 0 0 0 157

fn=(2148) operator new[](unsigned long)
0 312
cob=(4)
cfi=(178)
cfn=(2072) 0x0000000004ca6cc0
calls=156 0 
0 41811 8072 4868 3 2200 600 1 6 189 6759 288 312 156

fn=(2224) operator delete(void*, unsigned long)
0 2
cob=(4)
cfi=(178)
cfn=(2226) 0x0000000004ca7430
calls=1 0 
0 211 65 36 0 8 0 0 2 0 35 6 2 1

fn=(2230) operator delete(void*)
0 2
cob=(4)
cfi=(178)
cfn=(2232) 0x0000000004ca7c60
calls=1 0 
0 207 64 36 0 7 0 0 1 0 35 6 1

ob=(1) /usr/lib/x86_64-linux-gnu/ld-linux-x86-64.so.2
fl=(1) ???
fn=(0) 0x000000000001f540
cob=(11) /home/max/projects/corintho-ai/bench/results/long-profile-2026-09-23/bin/selfplay_nn
cfi=(263) ???
cfn=(2022) (below main)
calls=0 0 
0 1279435831 237078992 90611615 11 6216672 2548524 5 196197 255844 136930584 4906400 61907 541

ob=(4)
fl=(178)
fn=(1534)
0 314 157 0 0 157 0 0 1 0 0 0 157 156
cob=(2) /usr/lib/x86_64-linux-gnu/libc.so.6
cfi=(202) ./malloc/./malloc/malloc.c
cfn=(704) malloc
calls=157 3294 
0 38973 7342 4429 3 1904 592 1 7 190 6666 293

fn=(2530) 0x000000000010a5e0
0 456 228 0 0 0 0 0 0 0 0 0 228
cob=(8) /usr/lib/x86_64-linux-gnu/libgomp.so.1.0.0
cfi=(188) ???
cfn=(2532) GOMP_loop_ull_dynamic_start
calls=228 0 
0 33744 9348 8436 0 0 0 0 0 0 4104 603

fn=(2616) 0x000000000010a4f0
0 456 228 0 0 228 0 0 0 0 0 0 228
cob=(8)
cfi=(188)
cfn=(2618) GOMP_loop_end_nowait
calls=456 0 
0 8892 3420 2052 0 456 456 0 0 0 1368 297

fn=(2232)
0 2 1 0 0 1 0 0 1 0 0 0 1
cob=(2)
cfi=(202)
cfn=(1948) free
calls=1 3359 
0 205 63 36 0 6 0 0 0 0 35 6

fn=(2092) 0x000000000010a5c0
0 2 1 0 0 1 0 0 0 0 0 0 1
cob=(9)
cfi=(222)
cfn=(2076)
calls=1 0 
0 300 54 32 0 17 5 0 3 1 64 5 1

fn=(2222) 0x000000000010a5d0
0 2 1 0 0 0 0 0 0 0 0 0 1
cob=(9)
cfi=(222)
cfn=(2224)
calls=1 0 
0 213 65 36 0 8 0 0 2 0 35 6 2 1

fn=(2072)
0 312 156 0 0 156 0 0 1 0 0 0 156
cob=(9)
cfi=(222)
cfn=(2076)
calls=156 0 
0 41499 7916 4868 3 2044 600 1 5 189 6759 288 156 156

fn=(2212) 0x000000000010a520
0 312 156 0 0 155 0 0 0 0 0 0 156
cob=(2)
cfi=(211) ./string/../sysdeps/x86_64/multiarch/memset-vec-unaligned-erms.S
cfn=(750) __memset_avx2_unaligned_erms
calls=384 158 
0 10226268 312 10223616 0 293 159744 0 0 159619 10224240 157

fn=(2226)
0 2 1 0 0 1 0 0 1 0 0 0 1 1
cob=(9)
cfi=(222)
cfn=(2230)
calls=1 0 
0 209 64 36 0 7 0 0 1 0 35 6 1

fn=(2610) 0x000000000010a810
0 21888 10944 0 0 10729 0 0 0 0 0 0 10944 156
cob=(8)
cfi=(188)
cfn=(2612) GOMP_loop_ull_dynamic_next
calls=10944 0 
0 272232 87552 32376 0 39834 0 0 0 0 43776 447

fn=(2078) 0x000000000010a590
0 99756 49878 0 0 7610 0 0 0 0 0 0 49878 228
cob=(2)
cfi=(243) ./string/../sysdeps/x86_64/multiarch/memmove-vec-unaligned-erms.S
cfn=(1900) __memcpy_avx_unaligned_erms
calls=49878 255 
0 619914 155628 103752 0 10632 35692 0 159 5668 126186 2045

fn=(2402) 0x000000000010a450
0 312 156 0 0 156 0 0 0 0 0 0 156
cob=(9)
cfi=(222)
cfn=(2148)
calls=156 0 
0 42123 8072 4868 3 2200 600 1 6 189 6759 288 312 156

fn=(2452) 0x000000000010a6e0
cob=(8)
cfi=(188)
cfn=(2454) GOMP_parallel
calls=456 0 
0 1279435831 237078992 90611615 11 6216672 2548524 5 196197 255844 136930584 4906400 61907 541

ob=(8)
fl=(188)
fn=(2532)
0 9348 2052 2736 0 0 0 0 0 0 912 211
cfn=(2534) 0x0000000000024750
calls=228 0 
0 12768 3876 3876 0 0 0 0 0 0 1140 71
0 11628 3420 1824 0 0 0 0 0 0 2052 321

fn=(2612)
0 272232 87552 32376 0 39834 0 0 0 0 43776 447

fn=(2534)
0 7068 1596 2052 0 0 0 0 0 0 912 71
cfn=(2504) 0x0000000000024680
calls=456 0 
0 3876 912 1596 0 0 0 0 0 0 228
0 1824 1368 228

fn=(2454)
cob=(11)
cfi=(298) /home/max/projects/corintho-ai/bench/../corintho_ai/cpp/src/trainer.cpp
cfn=(2528) Trainer::doIteration(float*, float*, int) [clone ._omp_fn.0]
calls=228 206 
0 1279435831 237078992 90611615 11 6216672 2548524 5 196197 255844 136930584 4906400 61907 541

fn=(2504)
0 3876 912 1596 0 0 0 0 0 0 228

fn=(2618)
0 8892 3420 2052 0 456 456 0 0 0 1368 297

ob=(11)
fl=(266) /home/max/projects/corintho-ai/bench/selfplay_nn.cpp
fn=(2060) main
fi=(298)
cob=(4)
cfi=(178)
cfn=(2452)
calls=228 0 
206 1279435831 237078992 90611615 11 6216672 2548524 5 196197 255844 136930584 4906400 61907 541
fe=(266)

fl=(308) /home/max/projects/corintho-ai/bench/../corintho_ai/cpp/src/node.cpp
fn=(2730) Node::syncStats()
269 11672091 3890697 0 0 58656 0 0 1138 0 3890697 147425
+2 3354149 3354149 0 0 440836
+5 6708298 6708298
-3 10062447 6708298 0 0 441067
+1 3354149
+2 3354149 0 3354149 0 0 477356 0 0 585
-2 3354149
+3 13416596 3354149 3354149 0 0 260347 0 0 462
112 3354149 3354149
279 6723648 0 0 0 0 0 0 0 0 3360289 2884
+2 536548 536548
-2 3351079 3351079
-1 6702158 0 3351079 0 0 221332 0 0 1314
+3 3351079 3351079
-3 6140 0 3070 0 0 138 0 0 7
+3 3070 3070

fn=(2734) Node::Node(Game const&, Node*, Node*, int, int)
38 350390 0 175195
+2 175195
fi=(309) /home/max/projects/corintho-ai/bench/../corintho_ai/cpp/src/game.cpp
307 175195
fe=(308)
40 175195
fi=(309)
305 175195
fe=(308)
38 1401560 0 875975 0 0 40
+2 175195 175195 0 0 54606 0 0 1624
-2 525585 175195 175195 0 2646
fi=(323) /home/max/projects/corintho-ai/bench/../gsl/include/gsl/util
+63 175195 0 175195 0 0 134636 0 0 5445
fi=(309)
297 175195
fe=(308)
40 525585 175195 350390 0 0 8044
+2 175195
fi=(309)
305 175195
+2 175195 175195 0 0 32497
fe=(308)
42 350390 0 350390
fi=(309)
307 175195
+1 175195 175195
fe=(308)
42 350390 0 350390
fi=(323)
+59 175195 0 175195
fe=(308)
-59 350390 0 350390
fi=(309)
308 175195 0 0 0 0 0 0 0 0 175195 23190
+2 777010 310804
+1 155402
-1 155402
+1 155402 155402 310804 0 0 64
-1 155402 0 155402
+13 155402
fe=(308)
45 155402
fi=(309)
323 310804 155402 466206
+4 466206 0 155402
fe=(308)
45 155402 0 155402 0 0 36
cfi=(309)
cfn=(2592) Node::initializeEdges()
calls=155402 340 
* 163783386 11885045 20890422 0 218537 227056 0 23843 78969 19280961 756739 300 75
fi=(309)
323 19793
fe=(308)
45 19793
fi=(309)
323 39586 19793 59379 0 0 9
+4 59379 0 19793
fe=(308)
45 19793 0 19793 0 0 5
cfi=(309)
cfn=(2592)
calls=19793 340 
* 21444734 1556563 2853312 0 26236 30541 0 3138 11525 2646183 105870 44 11
+3 175195 175195 0 0 25
225 175195 175195 0 0 86
+1 700780 350390 0 0 127 0 0 0 0 175195 79215
+38 104242 104242
-1 208484 0 104242
+1 208484 0 104242 0 0 2785 0 0 967
48 104242 0 104242 0 0 8
+1 312726 208484 0 0 51 0 0 0 0 104242 34
263 141906 0 70953
+1 141906 0 70953 0 0 6287
48 70953 0 70953 0 0 32
+1 212859 141906 0 0 29 0 0 0 0 70953
+1 175195
-1 175195
+1 1051170 1051170 0 0 115
-1 175195
cfn=(2730)
calls=175195 269 
* 4032145 1751285 525585 0 43 43853 0 0 2368 351720 682
fi=(309)
313 19793 19793
+6 19793
-6 19793
+6 39586
-1 39586
+2 19793
-10 19793 19793
+10 39586
fe=(308)
-84 70953
+6 70953 70953 0 0 10
-4 304887 0 0 0 0 0 0 0 0 70953 19910
fi=(304) /home/max/projects/corintho-ai/bench/../corintho_ai/cpp/include/arena.h
68 108654 54327 0 0 0 0 0 0 0 54327 1
fe=(308)
238 29256
fi=(304)
68 33252 16626 0 0 0 0 0 0 0 16626
fi=(320) /home/max/projects/corintho-ai/bench/../corintho_ai/cpp/include/node.h
191 70953
fi=(304)
90 70953
fi=(320)
192 70953
-1 70953 0 70953 0 0 35
+1 141906
fi=(304)
89 141906 0 0 0 0 0 0 0 0 70953 393
+3 66504
-48 354765 70953 0 0 0 0 0 0 0 70953 540
+2 53312 53312 0 0 52096 0 0 579
fe=(308)
246 53312
fi=(304)
46 53312 0 53312
fe=(308)
246 53312 0 0 0 0 0 0 0 0 53312
+14 70953 0 70953 0 0 18
+3 70953 70953
fi=(323)
101 141906 0 70953
fe=(308)
239 33252 0 0 0 0 0 0 0 0 16626 7481
+1 23634 0 0 0 0 0 0 0 0 6408 2396
fi=(304)
49 70564 0 17641
+1 52923 17641 0 0 0 0 0 0 0 17641 29
+2 17612 17612 0 0 16
+1 17612 17612
+1 17612
-1 17612
fe=(308)
246 17612
fi=(304)
53 17612 0 17612
+1 17612 0 17612
fe=(308)
246 17612 0 0 0 0 0 0 0 0 17612
fi=(304)
53 29 29
+1 29
-1 29
fe=(308)
246 29
fi=(304)
53 29 0 29
+1 29 0 29 0 0 29
fe=(308)
246 29 0 0 0 0 0 0 0 0 29 14
+3 16626 16626 0 0 11
-1 16626 16626
fi=(321) /usr/include/x86_64-linux-gnu/bits/string_fortified.h
29 16626
fe=(308)
250 16626
fi=(321)
29 16626
fe=(308)
250 16626 0 16626
fi=(321)
29 33252 0 33252
cob=(4)
cfi=(178)
cfn=(2078)
calls=16626 -29 
* 242526 72498 37248 0 18228 11688 0 159 2426 39246 1027 16626 228
fe=(308)
252 16626 16626
-1 16626 16626
+1 16626
fi=(321)
29 16626
fe=(308)
251 16626 16626
+1 33252 0 16626
-1 49878 0 16626
fi=(321)
29 16626
fe=(308)
252 16626 0 16626
-1 16626 0 16626
fi=(321)
29 33252 0 33252
cob=(4)
cfi=(178)
cfn=(2078)
calls=16626 -29 
* 238572 66504 33252 0 9 15186 0 0 2135 43470 367 16626
fe=(308)
254 16626 16626
fi=(321)
29 33252 16626
fe=(308)
253 16626 16626
+1 33252
-1 33252
fi=(321)
29 33252 0 33252
cob=(4)
cfi=(178)
cfn=(2078)
calls=16626 -29 
* 238572 66504 33252 0 5 8818 0 0 1107 43470 651 16626
fe=(308)
257 16626 16626
fi=(321)
29 66504 49878
fe=(308)
256 16626
+1 16626
fi=(321)
29 99570 16626 0 0 0 0 0 0 0 41472
fi=(320)
192 49878
fi=(304)
68 33252 16626 0 0 0 0 0 0 0 16626 4163
+22 16626
-1 33252 0 0 0 0 0 0 0 0 16626
+3 25632
-30 25632 6408 6408
+1 12816 0 6408
-1 40872 10218 10218
+1 20436 0 10218
fi=(321)
-34 23976 3996 3996 0 0 1995 0 0 495 1998 169
fe=(308)
239 20436
fi=(277) /usr/include/c++/13/bits/unique_ptr.h
1085 58 0 29
cob=(4)
cfi=(178)
cfn=(2402)
calls=29 0 
* 7363 1413 809 1 436 53 0 0 32 1170 44 87 29
* 116 0 29
cob=(4)
cfi=(178)
cfn=(2212)
calls=29 0 
* 1901095 87 1900544 0 86 29696 0 0 29673 1900660 29 29
176 29 0 29 0 0 29
fi=(282) /usr/include/c++/13/bits/vector.tcc
-62 87 58 0 0 29 0 0 0 0 29 29
fi=(307) /usr/include/c++/13/tuple
302 29 0 29 0 0 29 0 0 4
fi=(282)
119 58 0 29
fi=(277)
+80 29 29
fi=(304)
79 58
fi=(321)
-50 93576 29256 29256 0 7 7806 0 0 463 10218
fe=(308)

fn=(2790) Node::~Node()
23 936 0 702
+1 234 234
-1 234
+1 468 0 0 0 0 0 0 0 0 234
fi=(304)
+44 468 234 0 0 48 0 0 0 0 234
fi=(320)
191 234 234 0 0 117 0 0 33
fe=(308)
25 234 234
fi=(320)
192 702
fi=(304)
59 468 0 0 0 0 0 0 0 0 234 34
+31 232
-1 464 0 0 0 0 0 0 0 0 232 61
+3 884
-30 884 221 221 0 0 220 0 0 37
+1 221 0 221
fe=(308)
-37 663 221 0 0 0 0 0 0 0 221 7
fi=(304)
+36 44 11 11 0 0 11
+1 11 0 11
fe=(308)
-37 33 11 0 0 0 0 0 0 0 11
fi=(304)
+42 468 234 0 0 0 0 0 0 0 234
-6 468 234 234 0 0 98 0 0 32
+1 234 0 234
fe=(308)
-35 702 234 0 0 18 0 0 3 0 234 85
+1 1154 234 226 0 0 0 0 0 0 234 8
cfn=(2791) Node::~Node()'2
calls=226 -6 
* 7403574 2533012 1495872 0 371136 265424 0 113719 76758 1322995 117942
fi=(304)
+39 452 226 0 0 0 0 0 0 0 226
-6 452 226 226 0 0 149 0 0 8
+1 226 0 226
fe=(308)
-33 936 936 0 0 64

fn=(2791)
23 691956 0 518967 0 0 4402 0 0 10
+1 172989 172989 0 0 168119 0 0 52820
-1 172989
+1 345978 0 0 0 0 0 0 0 0 172989 448
fi=(304)
+44 345298 172649 0 0 0 0 0 0 0 172649
fi=(320)
191 172649 172649 0 0 162567 0 0 53700
fe=(308)
25 172649 172649
fi=(320)
192 517947
fi=(304)
59 345298 0 0 0 0 0 0 0 0 172649 35076
+31 56659
-1 113318 0 0 0 0 0 0 0 0 56659 10217
+3 40096
-30 40096 10024 10024 0 0 10008 0 0 2612
+1 10024 0 10024
fe=(308)
-37 30072 10024 0 0 0 0 0 0 0 10024
fi=(304)
+36 186540 46635 46635 0 0 46563 0 0 13352
+1 46635 0 46635
fe=(308)
-37 139905 46635 0 0 0 0 0 0 0 46635
fi=(304)
+42 345298 172649 0 0 0 0 0 0 0 172649
-6 345298 172649 172649 0 0 146958 0 0 48715
+1 172649 0 172649
fe=(308)
-35 751175 172989 116104 0 35754 1865 0 7199 0 172989 55280
cfn=(2791)
calls=116104 -5 
* 90873805 31550467 18269442 0 4684371 3212150 0 1435676 909900 16301534 1183096
fi=(304)
+40 232208 116104 0 0 0 0 0 0 0 116104 99
-6 232208 116104 116104 0 0 37362 0 0 8084
+1 116104 0 116104
fe=(308)
-34 632285 172989 56659 0 2901 39 0 0 0 172989 16822
cfn=(2791)
calls=56659 -6 
* 21461197 7414274 4261195 0 1106784 743763 0 330868 212942 3856121 380887
fi=(304)
+39 113318 56659 0 0 0 0 0 0 0 56659
-6 113318 56659 56659 0 0 18227 0 0 3985
+1 56659 0 56659
fe=(308)
-33 691956 691956 0 0 1795

fl=(298)
fn=(2528)
206 2280 0 1368
fi=(280) /usr/include/c++/13/bits/stl_vector.h
993 228
fe=(298)
206 2052 912 228
fi=(280)
993 684 456 228
fe=(298)
206 456 228 228
fi=(280)
993 684
fe=(298)
206 228 0 228
fi=(280)
992 912 0 684
cob=(4)
cfi=(178)
cfn=(2530)
calls=228 0 
* 34200 9576 8436 0 0 0 0 0 0 4104 603 228
* 1140 456 228 0 0 0 0 0 0 228
cob=(4)
cfi=(178)
cfn=(2616)
calls=228 0 
* 9348 3648 2052 0 684 456 0 0 0 1368 297 228
fe=(298)
206 35340 23940 10944 0 9927 0 0 0 0 228 89
cob=(4)
cfi=(178)
cfn=(2610)
calls=10944 0 
* 294120 98496 32376 0 50563 0 0 0 0 43776 447 10944 156
* 87552 21888 0 0 0 0 0 0 0 21888 411
+2 32832 21888 0 0 19434 0 0 0 0 10944
fi=(280)
993 32832 21888 0 0 9342
fe=(298)
214 10944 10944
fi=(280)
993 32832
fi=(268) /usr/include/c++/13/bits/stl_algobase.h
262 21888 0 0 0 0 0 0 0 0 10944 4
fe=(298)
-46 10944 10944
-2 21888 0 0 0 0 0 0 0 0 10944
+5 10944 10944 0 0 9657
fi=(280)
1129 10944
fe=(298)
218 10944 10944
+1 21888
fi=(280)
1129 10944
fe=(298)
219 10944
-1 32832 10944
fi=(300) /home/max/projects/corintho-ai/bench/../corintho_ai/cpp/src/selfplayer.cpp
-95 54720 10944 10944 0 10716
cfi=(301) /home/max/projects/corintho-ai/bench/../corintho_ai/cpp/src/trainmc.cpp
cfn=(2556) TrainMC::doIteration(float*, float*)
calls=10944 +21 
* 1264467225 233089438 88643597 5 5704205 2268086 3 73439 177313 134790529 4753680 49970 382
+2 21888 0 0 0 0 0 0 0 0 10944 1
+1 234 0 117
cfn=(2776) SelfPlayer::chooseMoveAndContinue()
calls=117 253 
* 14148706 3720514 1899957 6 402144 279982 2 122758 78531 2024570 150867 537 3
fe=(298)
+95 234 0 0 0 0 0 0 0 0 117 1

fl=(263)
fn=(2022)
cob=(2)
cfi=(264) ./csu/../csu/libc-start.c
cfn=(2024) __libc_start_main@@GLIBC_2.34
calls=0 242 
0 1279435831 237078992 90611615 11 6216672 2548524 5 196197 255844 136930584 4906400 61907 541

fl=(300)
fn=(2780) SelfPlayer::chooseMove() [clone .part.0]
241 1404 117 819
+5 819 117 117 0 0 117
cfi=(301)
cfn=(2782) TrainMC::chooseMove(float*, float*)
calls=117 116 
* 4502840 1520452 881545 3 217838 146473 1 28699 16310 799201 70025
fi=(282)
114 234 234 0 0 77
fe=(300)
246 117
fi=(282)
114 468 234 0 0 154 0 0 0 0 117 2
+5 3744 1755 1872 0 538 777
fi=(326) /home/max/projects/corintho-ai/bench/../corintho_ai/cpp/include/selfplayer.h
-97 5967 2925 3042 0 77 1455 0 0 1192
fi=(282)
+97 234 0 117
fe=(300)
251 1404 1053 0 0 77 0 0 0 0 117

fn=(2776)
253 1404 117 819
+5 117
fi=(277)
-59 117 117 0 0 63 0 0 18
fe=(300)
+60 234 0 0 0 0 0 0 0 0 117
+4 819 351 0 0 6 0 0 0 0 117
-21 234 117 0 0 30 0 0 6 0 117
fi=(277)
-43 117 117 0 0 17
fe=(300)
+68 234 0 0 0 0 0 0 0 0 117 1
+4 702 351 0 0 98
fi=(308)
108 117
fe=(300)
271 234 0 0 0 0 0 0 0 0 117
+5 351 0 117
+2 819 117 0 0 86 0 0 10 0 117
+8 234 234 0 0 117 0 0 35
fi=(301)
-97 234 0 0 0 0 0 0 0 0 117 2
-2 115
+1 230
+7 320 320 0 0 124 0 0 49
-6 1278 0 0 0 0 0 0 0 0 320 2
fi=(308)
81 318 318 0 0 318 0 0 120
fi=(301)
190 636 0 0 0 0 0 0 0 0 318 55
fi=(308)
81 115 115 0 0 115 0 0 25
fi=(301)
190 230 0 0 0 0 0 0 0 0 115 46
506 226 0 0 0 0 0 0 0 0 113 1
+4 49 49
+1 49 49 0 0 22 0 0 8
fi=(308)
133 98 0 49
284 147 0 49
fi=(301)
517 147 0 98 0 0 49
cfi=(308)
cfn=(2790)
calls=49 23 
* 2340156 800392 472719 0 120380 91617 0 68580 48418 418033 37368
fi=(308)
133 64
284 192 0 64
fi=(301)
517 192 0 128 0 0 26
cfi=(308)
cfn=(2790)
calls=64 23 
* 750650 256329 151550 0 38167 29295 0 17054 12078 134197 11778
fi=(304)
68 339 226 0 0 66 0 0 0 0 113 2
-6 226 113 113 0 0 87 0 0 11
fi=(301)
518 113
fi=(304)
63 113 0 113
fi=(301)
518 113
+2 113 0 113 0 0 78 0 0 8
fe=(300)
294 226
fi=(301)
518 113 0 113 0 0 17
fe=(300)
294 565 113 113 0 65
cfi=(301)
cfn=(2556)
calls=113 144 
* 6511713 1129256 383608 0 23040 9690 0 8090 485 668808 31431 537 3
-36 226 0 0 0 0 0 0 0 0 113
+39 117
+1 1287 1053 0 3 185 0 1 0 0 117
fi=(325) /home/max/projects/corintho-ai/bench/../corintho_ai/cpp/src/move.cpp
21 234 0 117
cfi=(300)
cfn=(2780)
calls=117 241 
* 4517231 1526887 887512 3 218761 148822 1 28699 17502 799435 70027
* 234
fi=(301)
199 16 0 12 0 0 2
cfi=(308)
cfn=(2790)
calls=4 23 
* 9195 3194 1858 0 454 271 0 62 29 1644 124
fi=(304)
68 16 12 0 0 0 0 0 0 0 4
-6 4 4
fi=(301)
202 4
fi=(308)
89 4
fi=(301)
202 4
fi=(304)
62 4 0 4 0 0 2
+1 4 0 4
fi=(301)
201 16 0 4
+1 4 0 4
cfn=(2806) TrainMC::createRoot(Game const&, int)
calls=4 +9 
* 4353 379 512 0 2 1 0 0 0 417 30
+2 4 4
fi=(321)
29 4
fi=(301)
204 4 4 0 0 1
fi=(309)
+80 4
fi=(267) /usr/include/c++/13/bitset
506 4 4
fi=(309)
278 8
fi=(321)
29 24 8 4 0 3 4
fi=(309)
278 8
fi=(321)
29 12 4 4 0 0 1
fi=(309)
278 8
fi=(321)
29 12 4 4
fi=(309)
278 8
fi=(321)
29 12 4 4 0 0 3
fi=(309)
278 8
fi=(321)
29 12 4 4 0 1
fi=(309)
278 8
fi=(321)
29 12 4 4 0 0 1
fi=(309)
278 8
fi=(321)
29 12 4 4
fi=(309)
278 8
fi=(321)
29 12 4 4 0 0 3
fi=(309)
278 8
fi=(321)
29 12 4 4
fi=(309)
278 8
fi=(321)
29 12 4 4 0 0 1
fi=(309)
278 8
fi=(321)
29 12 4 4
fi=(309)
278 8
fi=(321)
29 12 4 4 0 0 3
fi=(309)
278 8
fi=(321)
29 12 4 4
fi=(309)
278 8
fi=(321)
29 8 0 4 0 0 1
fi=(309)
278 4
fi=(321)
29 16 8 4 0 2
fi=(309)
284 4 4 0 0 2
fi=(321)
29 4 0 4 0 0 3
fi=(309)
284 108 8
-1 4 0 4
+1 56 4
-1 4 0 4
+1 56 4
-1 4 0 4
+1 60 4
-1 4 0 4
+1 52 4
-1 4 0 4 0 0 1
+1 4 4
fi=(280)
1283 8 8
fi=(309)
284 8
-1 4 0 4
fi=(280)
1283 4 0 0 0 0 0 0 0 0 4
fi=(281) /usr/include/c++/13/bits/new_allocator.h
191 4 4
fi=(280)
1288 4
fi=(281)
191 4 0 4 0 0 4
fi=(280)
1288 4 0 4
fi=(301)
207 12 0 4
fe=(300)
+82 4
fi=(301)
508 64 64 0 0 19 0 0 2
fi=(308)
137 64 0 64
+1 64
fe=(300)

fl=(280)
fn=(2576) void std::vector<std::unique_ptr<unsigned char [], std::default_delete<unsigned char []> >, std::allocator<std::unique_ptr<unsigned char [], std::default_delete<unsigned char []> > > >::_M_realloc_insert<std::unique_ptr<unsigned char [], std::default_delete<unsigned char []> > >(__gnu_cxx::__normal_iterator<std::unique_ptr<unsigned char [], std::default_delete<unsigned char []> >*, std::vector<std::unique_ptr<unsigned char [], std::default_delete<unsigned char []> >, std::allocator<std::unique_ptr<unsigned char [], std::default_delete<unsigned char []> > > > >, std::unique_ptr<unsigned char [], std::default_delete<unsigned char []> >&&) [clone .constprop.0]
1898 1
fi=(282)
445 7 0 6 0 0 1
fe=(280)
993 5 2
1898 2 0 0 0 0 0 0 0 0 1
fi=(306) /usr/include/c++/13/bits/stl_iterator.h
1337 4
fi=(268)
262 2 0 0 0 0 0 0 0 0 1
fe=(280)
1901 1
+1 2 0 0 0 0 0 0 0 0 1
381 2 0 0 0 0 0 0 0 0 1
fi=(283) /usr/include/c++/13/bits/stl_uninitialized.h
1104 1
fe=(280)
381 1
fi=(283)
1103 4
fi=(307)
302 1 1 0 0 1
fi=(283)
1104 2
fi=(307)
302 1 0 1
fi=(283)
1104 2 0 0 0 0 0 0 0 0 1 1
fi=(307)
302 511 511 0 0 63
fi=(283)
1104 1022
fi=(307)
302 511 0 511 0 0 63 0 0 63
fi=(283)
1104 1022 0 0 0 0 0 0 0 0 511 1
fi=(282)
483 1
fi=(283)
1104 2 0 0 0 0 0 0 0 0 1
fi=(307)
302 1
fe=(280)
+87 4 0 1 0 0 0 0 0 0 1
fi=(281)
172 1
fi=(282)
520 2 1
fi=(281)
172 1 0 1
cob=(4)
cfi=(178)
cfn=(2222)
calls=1 0 
* 215 66 36 0 8 0 0 2 0 35 6 3 1
* 1 1
fi=(282)
523 1 0 1
-2 1 0 1
+3 8 7
fi=(281)
151 3 0 2
cob=(4)
cfi=(178)
cfn=(2092)
calls=1 0 
* 302 55 32 0 18 5 0 3 1 64 5 2
fi=(307)
302 1 1
fi=(281)
151 1
fi=(282)
523 1
fi=(307)
302 1 1
fi=(283)
1104 1
fi=(277)
186 1 0 1
fi=(282)
483 1
fi=(307)
302 1 0 1 0 0 1 0 0 1
fi=(283)
1104 1 0 0 0 0 0 0 0 0 1
fe=(280)
1902 3
fi=(281)
151 2
fe=(280)

fl=(278) /home/max/projects/corintho-ai/bench/../corintho_ai/cpp/src/mlp.cpp
fn=(2688) Mlp::evaluateParallel(float const*, int, float*, float*, int) const [clone ._omp_fn.0]

fl=(309)
fn=(2592)
340 175199
fi=(308)
+28 175199 0 175199
fe=(309)
-26 175199
fi=(308)
+26 1576791 0 1051194 0 0 69
fi=(267)
506 525597 175199 175199 0 0 1
fe=(309)
341 175199
fi=(267)
506 175199 175199
fe=(309)
340 175199
+21 175199
-21 175199
+21 175199
-20 175199
-1 175199
+1 525597
+1 525597
+1 175199
-1 175199
+1 525597
+17 350398
-17 175199
-3 175199
+1 700796
+1 700796
+1 525597
-2 350398
+2 175199
-2 350398
+1 700796
+1 525597
+1 175199
+21 175199
-21 175199
-1 175199
-3 175199
+4 1751990 0 350398
-3 525597
+28 175199
-1 175199 0 175199 0 0 67
-27 700796 0 175199
+29 350398 0 175199
-28 1051194 0 350398
+1 700796
+1 525597
+22 350398
-22 175199
+26 175199
-4 525597 0 175199
+4 875995 0 175199
59 175199
+2 175199 175199
+1 350398 0 0 0 0 0 0 0 0 175199 18789
-1 350398 350398
+1 700796 0 0 0 0 0 0 0 0 350398 27896
-2 1927189 350398 0 0 0 0 0 0 0 525597 17234
+55 525597 350398
+3 1051194 175199
+1 175199
-1 350398 0 175199
+3 175199 175199
-13 350398 175199
+9 175199
-1 350398 175199
+1 175199
-1 175199
-1 175199
+2 175199
+4 175199 175199
-4 175199 0 175199
-2 175199 0 175199
+6 700796 175199 0 0 0 0 0 0 0 175199 636
+1 622 0 622
-1 875995 350398 0 0 0 0 0 0 0 175199 9
+1 5 0 5
-1 875995 350398 0 0 0 0 0 0 0 175199 5
+8 175199
+3 175199
-1 175199
+4 175199
-3 175199
-3 175199
+2 175199
+1 175199
+3 175199
+7 175199 175199
-13 175199
+12 175199 175199
+11 175199
+1 175199
-11 175199
+10 175199
+1 175199
-12 175199
+8 175199
+4 175199
-12 175199
+9 175199
-1 175199
+1 175199
-1 175199
+1 175199
-1 175199
+2 175199
+4 175199
-4 175199
+4 175199
-4 175199
+3 175199
+2 175199
-2 175199
+2 175199
-5 175199
+3 175199
+6 175199
-7 175199
-13 175199 175199
+20 175199
-1 175199
-19 175199
+19 175199
+1 175199
+4 175199
-4 350398 0 175199
+4 175199 0 0 0 0 0 0 0 0 175199 34046
+3 59010
-2 59010
+2 206535
-3 59010 0 0 0 0 0 0 0 0 29505 1730
+1 3370
+2 11795
-3 32875 0 29505 0 0 0 0 0 0 1685 80
+6 350398 0 0 0 0 0 0 0 0 175199 31363
+3 81618 27206
-2 54412
+2 190442
-3 54412 0 0 0 0 0 0 0 0 27206 1827
+1 2168
+2 7588
-3 2168 0 0 0 0 0 0 0 0 1084 51
41 93026 0 27206 0 0 0 0 0 0 27206 1072
fi=(265) /home/max/projects/corintho-ai/bench/../corintho_ai/cpp/include/util.h
+89 5704 0 5704
-11 11408
fi=(324) /home/max/projects/corintho-ai/bench/../corintho_ai/cpp/include/game.h
-31 5704
fi=(265)
+42 5704
-12 22816 0 11408
+12 11408
fe=(309)
+55 5704 5704
-1 5704 5704
+1 28520
fi=(265)
-23 11408
fe=(309)
+23 11408 11408 0 0 5402
fi=(265)
-23 5704 5704 0 0 5228
+1 11408 0 0 0 0 0 0 0 0 5704 1428
fe=(309)
+22 1747 1747
-1 1747 1747
+1 8735
fi=(265)
-23 3494
fe=(309)
+23 3494 3494 0 0 1220
fi=(265)
-23 1747 1747 0 0 456
+1 19586 0 10728 0 0 0 0 0 0 1747 735
+1 5364
fi=(324)
-75 5364
fi=(265)
+75 5364
fe=(309)
+27 5364 5364 0 0 3074
fi=(324)
88 5364
+1 10728 0 0 0 0 0 0 0 0 5364 1356
fi=(265)
+75 7234
fi=(324)
-75 7234
fi=(265)
+75 7234
fe=(309)
+27 7234 7234 0 0 2211
fi=(324)
88 7234
+1 14468 0 0 0 0 0 0 0 0 7234 1813
+1 30345 0 0 0 0 0 0 0 0 10115 1616
+1 34868 8717
fi=(265)
+39 34868
+33 17434 0 0 0 0 0 0 0 0 8717 1261
-33 15524
+33 18490 10728 0 0 0 0 0 0 0 3881 939
+4 10728 5364
+1 10728 0 0 0 0 0 0 0 0 5364 367
-1 4174 2087
+1 4174 0 0 0 0 0 0 0 0 2087 48
-23 7451 0 7451
+1 7451
fe=(309)
+36 22353 7451 0 0 0 0 0 0 0 7451 2023
fi=(265)
-37 11408 11408
-3 5704
+3 11408 5704 5704
+1 5704
fi=(323)
-45 5704 5704
fi=(265)
+41 17112
fi=(308)
377 5704
fi=(323)
101 5704 0 5704
fi=(308)
373 7034 665 665 0 0 0 0 0 0 5704 791
+20 1927189 1576791 0 0 258 0 0 0 0 175199 370
fe=(309)
71 2903460
+2 483910
-2 2903460
+2 483910
-2 967820
+1 483910
+1 483910
-2 483910
+1 483910
-1 483910
+2 483910
-2 967820
+1 483910
+2 483910
-3 967820
+1 483910
+1 483910
-1 483910
-1 483910
+1 483910
-1 483910
+3 483910
-2 483910
+1 483910
-1 483910
+1 483910
+1 483910
-2 483910
+1 1451730
-1 483910
+1 967820
-1 483910
+1 967820
-1 483910 0 483910
+4 483910
-3 2419550 0 483910 0 0 152
+3 506726 0 0 0 0 0 0 0 0 483910 5855
+3 5704 5704
+1 11408 0 0 0 0 0 0 0 0 5704 1732
-1 17112 17112
+1 34224 0 0 0 0 0 0 0 0 17112 4109
+3 22860
-2 11430
+1 5715
+1 11430 5715 0 0 4743
+1 11430 0 0 0 0 0 0 0 0 5715
-3 1736
+1 868
+1 1736 868
+1 1736 0 0 0 0 0 0 0 0 868
+1 13166
+2 6583
-2 13166 0 6583
-5 18881 0 0 0 0 0 0 0 0 6583 1021
+10 5715 5715
+1 11430 0 0 0 0 0 0 0 0 5715 23
-1 17101 17101
+1 34202 0 0 0 0 0 0 0 0 17101 169
+3 3472
-2 1736
+1 868
+1 1736 868
+1 1736 0 0 0 0 0 0 0 0 868
+1 1736
+2 868
-2 1736 0 868
-5 2604 0 0 0 0 0 0 0 0 868
-13 74152 0 0 0 0 0 0 0 0 22816 6314
fi=(323)
+23 26202 26202
fi=(265)
+41 131010 26202
fi=(323)
-41 26202 0 26202
fi=(304)
-33 349068 174534 0 0 0 0 0 0 0 174534
-24 523602 174534 0 0 0 0 0 0 0 174534 1577
+2 260432 130216 130216 0 123278 0 0 1453
fi=(265)
163 130216 130216
fi=(308)
385 130216 130216
fi=(320)
169 260432 0 260432 0 0 124124 0 0 2323
fi=(265)
-6 130216
fi=(308)
385 130216 0 130216
fi=(265)
163 174534 44318 0 0 0 0 0 0 0 130216 1600
fi=(308)
385 44318 44318
fi=(320)
169 88636 0 88636 0 0 44318 0 0 56
fi=(265)
-6 44318
fi=(308)
385 44318 0 44318 0 0 86
fi=(265)
163 44318 0 0 0 0 0 0 0 0 44318 551
fi=(308)
386 344858
+4 344858
+1 172429
-1 689716 172429 0 0 8965
fi=(265)
163 172429
fi=(308)
390 172429 0 172429
fi=(265)
163 172429 0 0 0 0 0 0 0 0 172429 2581
fi=(308)
390 3677068
+1 1838534
-1 7354136 1838534 0 0 52288 0 0 15937
fi=(265)
163 1838534
fi=(308)
390 1838534 0 1838534
fi=(265)
163 1838534 0 0 0 0 0 0 0 0 1838534 169947
-1 172429 172429
fi=(308)
386 344858
+4 172429
+1 172429
-1 172429 0 172429
fi=(265)
163 344858 0 0 0 0 0 0 0 0 172429 36
fi=(308)
390 1838534
+1 1838534
-1 1838534 0 1838534
fi=(265)
163 4021926 172429 0 0 0 0 0 0 0 1838534 169119
+5 344858
-1 172429
+1 176639 0 0 0 0 0 0 0 0 172429 478
-1 2105
+1 176218 0 0 0 0 0 0 0 0 2105
fi=(308)
390 174113
fi=(265)
169 174113
fi=(308)
391 174113
-1 174113 174113 0 0 154 0 0 22
fi=(265)
169 348226
fi=(308)
390 522339
fi=(265)
168 174113
fi=(308)
390 174113 0 174113
fi=(265)
168 174113 0 0 0 0 0 0 0 0 174113 1217
fi=(308)
390 4031821
fi=(265)
169 4031821
fi=(308)
391 4031821
-1 4031821 4031821 0 0 35778 0 0 9566
fi=(265)
169 8063642
fi=(308)
390 12095463
fi=(265)
168 4031821
fi=(308)
390 4031821 0 4031821
fi=(265)
168 4205934 0 0 0 0 0 0 0 0 4031821 171903
fi=(308)
390 174113
+1 174113
-1 174113 0 174113
fi=(265)
168 348226 0 0 0 0 0 0 0 0 174113 206
fi=(308)
390 4031821
+1 4031821
-1 4031821 0 4031821
fi=(265)
168 8237755 0 0 0 0 0 0 0 0 4031821 169636
fi=(304)
50 132954 44318 0 0 0 0 0 0 0 44318 1733
+2 44232 44232 0 0 91
+2 88464 0 44232
-1 88464 0 44232
+2 44232
-1 86 0 86 0 0 86
-1 172 0 86
+2 86
fe=(309)
-14 295986 0 0 0 0 0 0 0 0 147993 5083
fi=(265)
142 143293
fi=(323)
-41 143293 143293
fi=(265)
+41 573172 143293
fi=(323)
-41 143293 0 143293
fi=(308)
373 143293 0 0 0 0 0 0 0 0 143293 4
fi=(277)
1085 172 0 86
cob=(4)
cfi=(178)
cfn=(2402)
calls=86 0 
* 23784 4629 2757 0 1298 458 0 3 107 3787 168 258 86
* 344 0 86
cob=(4)
cfi=(178)
cfn=(2212)
calls=86 0 
* 5637730 258 5636096 0 244 88064 0 0 87996 5636440 87 86
176 86 0 86 0 0 86
fi=(282)
-62 258 172 0 0 86 0 0 0 0 86
fi=(307)
302 86 0 86 0 0 86 0 0 12
fi=(282)
119 172 0 86
fi=(277)
+80 86 86
fi=(304)
79 172
fi=(308)
386 4210
fe=(309)

fl=(301)
fn=(2556)
144 154798 11057 99513 0 0 93
-75 11057 11057 0 0 10816
+75 44228 11057 22114 0 66
+4 22114 0 0 0 0 0 0 0 0 11057 1122
+15 33171 11057 0 0 2727 0 0 0 0 11057 13
fi=(280)
993 22114 22114 0 0 3923 0 0 7
fe=(301)
172 33058 10944 0 0 0 0 0 0 0 11057 5
299 21888 0 10944
-70 32832 21888 10944 0 249
+71 10944 10944
+1 10944
+19 10944 0 10944
-20 21888 10944 10944 0 10903
+1 109440 10944 10944 0 10919 0 0 0 0 10944
-1 163589 163589
+1 163589
+19 163589 0 163589
-20 327178 163589 163589 0 18344
+1 2683088 163589 338122 0 162922 13 0 0 0 338122
fi=(308)
85 174533 174533
fe=(301)
301 349066
+1 523599 174533
-78 523599 174533 0 0 37642 0 0 0 0 174533
-1 174533 174533
+1 174533
-1 349066
fi=(308)
98 349066 174533 0 0 139034
fe=(301)
225 698132 174533 174533 0 147199 71
-1 174533
+2 174533
-2 349066 0 0 0 0 0 0 0 0 174533 989
fi=(308)
98 12088858 6044429 0 0 169662
fe=(301)
225 24177716 6044429 6044429 0 619461 1
-1 6044429
+2 6044429
-2 12088858 0 0 0 0 0 0 0 0 6044429 173611
+5 1919863 349066 174533
+1 344048 0 0 0 0 0 0 0 0 174533 975
+1 847575 169515 169515
-1 169515 0 0 0 0 0 0 0 0 169515
+1 508545 169515 169515
-1 169515 0 0 0 0 0 0 0 0 169515 150
+1 508095 169365 169365
-1 169365 0 0 0 0 0 0 0 0 169365 2903
+1 500043 166681 166681
-1 166681 0 0 0 0 0 0 0 0 166681 12651
+1 35136 11712 11712
-1 1802648 169515 0 0 0 0 0 0 0 345559 50830
+1 365103 121701 121701
-1 608505 0 0 0 0 0 0 0 0 121701 40531
+1 644790 128958 128958
-1 386874 0 0 0 0 0 0 0 0 128958 51118
+1 74214
-1 74214
+1 74214 74214
-1 74214
+1 74214 0 74214
-1 74214 0 0 0 0 0 0 0 0 74214 30697
+1 104046 34682 34682
+73 3839726 174533 523599 0 2518 35 0 0 0 349066 3533
-51 174533
-14 349066 0 174533
+1 523599 0 174533
-1 698132
+1 698132
+1 523599
+15 174533
fi=(268)
-18 349066
fe=(301)
+19 349066 0 0 0 0 0 0 0 0 174533 2585
-18 3765120
+1 3765120
+1 2823840
+15 941280
fi=(268)
-18 1882560
fe=(301)
+19 7461625 0 0 0 0 0 0 0 0 941280
+1 1115813
-1 1115813
+2 1115813
-1 3347439 1115813 1115813 0 80519 88
-1 1115813
+3 1115813
-3 1115813 0 0 0 0 0 0 0 0 1115813 45481
+1 5103149
-1 5103149
+2 5103149
-1 15309447 5103149 5103149 0 360922 89
-1 5103149
+3 5103149
-3 5103149 0 0 0 0 0 0 0 0 5103149 92170
-3 7461625 0 0 0 0 0 0 0 0 1115813 36149
+9 1919863 872665 174533
+1 344048 0 0 0 0 0 0 0 0 174533 2392
+1 847575 169515 169515
-1 169515 0 0 0 0 0 0 0 0 169515
+1 508545 169515 169515
-1 169515 0 0 0 0 0 0 0 0 169515 19944
+1 508095 169365 169365
-1 169365 0 0 0 0 0 0 0 0 169365 2933
+1 500043 166681 166681
-1 166681 0 0 0 0 0 0 0 0 166681 12849
+1 35136 11712 11712
-1 1802648 169515 0 0 0 0 0 0 0 345559 46987
+1 365103 121701 121701
-1 608505 0 0 0 0 0 0 0 0 121701 40940
+1 644790 128958 128958
-1 386874 0 0 0 0 0 0 0 0 128958 50885
+1 74214
-1 74214
+1 74214 74214
-1 74214
+1 74214 0 74214
-1 74214 0 0 0 0 0 0 0 0 74214 30692
+1 104046 34682 34682
+4 34682 34682
+3 34682
+22 34682
-22 242774 0 0 0 0 0 0 0 0 34682
-3 139851 139851
+3 139851
+22 139851
-22 1851622 0 174533 0 0 45 0 0 0 314384 178
+2 174533
-2 174533
+2 349066 0 0 0 0 0 0 0 0 174533 5
-1 174533
+2 523599 349066 174533 0 0 9931
-1 174533
+2 174533
-2 349066 0 0 0 0 0 0 0 0 174533
+1 18133287 12088858 6044429 0 0 703
-1 6044429
+2 6044429
-2 12088858 0 0 0 0 0 0 0 0 6044429 173790
+5 523599 349066
+1 349066 174533
-1 174533
+2 174533
+8 349066 174533
fi=(268)
-27 174533
fi=(308)
-95 174533
fe=(301)
289 174533
fi=(268)
-27 349066
fi=(308)
-95 174533 174533
fe=(301)
281 174533
fi=(308)
167 349066
fe=(301)
291 174533
fi=(308)
167 349066
fe=(301)
281 174533
fi=(308)
167 174533 0 174533
fe=(301)
281 174533 0 0 0 0 0 0 0 0 174533 1
+8 12088858 6044429
fi=(268)
-27 6044429
fi=(308)
-95 6044429
fe=(301)
289 6044429
fi=(268)
-27 12088858
fi=(308)
-95 6044429 6044429
fe=(301)
281 6044429
fi=(308)
167 12088858
fe=(301)
291 6044429
fi=(308)
167 12088858
fe=(301)
281 6044429
fi=(308)
167 6044429 0 6044429
fe=(301)
281 6044429 0 0 0 0 0 0 0 0 6044429 170724
+12 698132 174533
fi=(308)
147 174533 0 174533
fe=(301)
310 174533 174533
-1 523599 349066
+1 174533 174533 0 0 34570
-1 174533 174533 0 0 17591
+1 174533 0 0 0 0 0 0 0 0 174533 5
+2 835359
fi=(308)
202 1670718 835359 835359 0 95811
+1 835359 0 835359
cfn=(2730)
calls=835359 +66 
* 19213421 8353549 2506077 0 881874 915320 0 0 0 1670800 262
fe=(301)
314 835359 835359
fi=(308)
161 835359 0 835359
+1 835359 0 835359
cfn=(2730)
calls=835359 269 
* 19213421 8353549 2506077 0 0 0 0 0 0 1670800 1276
fe=(301)
315 3341436 835359
+1 1670718 835359 835359
-6 1670718 835359 0 0 85990 0 0 0 0 835359 184852
+9 174533 174533
fi=(308)
202 349066 174533 174533 0 2225
+1 174533 0 174533
cfn=(2730)
calls=174533 +66 
* 698132 349066 0 0 0 0 0 0 0 174533 4
fi=(280)
993 523599 523599
fe=(301)
299 174533 0 174533
fi=(280)
993 174533
fe=(301)
299 174533 174533
fi=(280)
993 174533
fe=(301)
299 349066 0 0 0 0 0 0 0 0 174533 10977
+22 10944 10944
fi=(308)
161 10944 0 10944
+1 10944 0 10944
cfn=(2730)
calls=10944 269 
* 43776 21888 0 0 0 0 0 0 0 10944
fi=(280)
1606 10944 10944
1935 32832 10944 0 0 0 0 0 0 0 10944
+4 10944 0 10944
fe=(301)
181 21888 10944
-6 10944 10944
+6 10944 10944
-6 10944
+6 10944
-6 11057 113 0 0 0 0 0 0 0 10944
+6 113 113
-6 113
+6 113
-6 113 0 0 0 0 0 0 0 0 113
-1 11057
+1 11057
-1 21997 0 0 0 0 0 0 0 0 11057 129
+1 1051194 525597 0 0 149 0 0 0 0 350398
662 175199
-1 175199 0 175199
+1 175199 0 175199
+1 175199 175199
fi=(308)
108 175199
fe=(301)
663 700796 175199 175199 0 76 0 0 0 0 175199
-36 350398 175199 0 0 2856
-39 9234313 2518449 0 0 66491 0 0 2555 0 839483 12
fi=(308)
212 839483
fe=(301)
588 839483
fi=(308)
212 3357932 839483 0 0 286061 0 0 10086 0 1678966 56936
+5 785156 785156
+3 785156 785156
-3 785156
+1 1570312
+1 785156
fe=(301)
594 1570312 0 0 0 0 0 0 0 0 785156
+19 3925780 785156 0 0 0 0 0 0 0 785156
+5 44590083 14863361 0 0 272229 0 0 4396 0 14863361 84836
fi=(308)
104 73858535 14771707 0 0 390202 0 0 4185
fe=(301)
622 14771707
fi=(308)
104 44315121 14771707
fe=(301)
623 14771707
-1 14771707 0 0 0 0 0 0 0 0 14771707 2
+4 14771707
+1 14771707
-1 59086828 44315121 0 0 421363 0 0 4360
+1 29543414
-1 29543414
+3 14771707
+1 29543414
-17 44590083 0 0 0 0 0 0 0 0 14863361 840148
fi=(308)
85 785156 785156
fe=(301)
636 1570312 0 0 0 0 0 0 0 0 785156 238226
+13 1328576 0 0 0 0 0 0 0 0 664288 2
fi=(308)
192 8 0 4 1 0 0 1
+1 4 0 4
cfn=(2730)
calls=4 +76 
* 92 40 12 0 0 0 0 0 0 8
fe=(301)
680 4 4
fi=(308)
202 12 8 4
+1 4 0 4
cfn=(2730)
calls=4 +66 
* 92 40 12 0 0 0 0 0 0 8 1
fe=(301)
685 4 4
fi=(308)
161 4 0 4
+1 4 0 4
cfn=(2730)
calls=4 269 
* 92 40 12 0 0 0 0 0 0 8
fe=(301)
688 12 8 0 0 0 0 0 0 0 4
fi=(308)
197 27 0 27
+1 27 0 27
cfn=(2730)
calls=27 +71 
* 621 270 81 0 0 0 0 0 0 54 6
fe=(301)
690 27 27 0 1 0 0 1
fi=(308)
207 81 54 27
+1 27 0 27
cfn=(2730)
calls=27 +61 
* 621 270 81 0 0 0 0 0 0 54 2
fe=(301)
691 81 54 27
-3 54 27 0 0 0 0 0 0 0 27 8
fi=(308)
197 4 0 4
+1 4 0 4
cfn=(2730)
calls=4 +71 
* 16 8 0 0 0 0 0 0 0 4
fe=(301)
695 4 4
fi=(308)
207 12 8 4
+1 4 0 4
cfn=(2730)
calls=4 +61 
* 16 8 0 0 0 0 0 0 0 4 4
fe=(301)
696 4 4
fi=(280)
993 4 4
fe=(301)
696 8 0 4
fi=(280)
993 16 4
fe=(301)
175 8 4 0 0 0 0 0 0 0 4
fi=(280)
993 700780 175195
fe=(301)
175 514752 339557 0 0 0 0 0 0 0 175195 10837
-1 164362
+1 164362
-1 164362 0 0 0 0 0 0 0 0 164362 105
+7 1139 0 0 0 0 0 0 0 0 220
+2 143741 110570 0 0 9480 0 0 0 0 11057 11
fi=(308)
+9 664284
fe=(301)
654 664284 664284 0 0 221790 0 0 1762
fi=(308)
192 664284 0 664284
+1 664284 0 664284
cfn=(2730)
calls=664284 +76 
* 11974508 5251672 1471164 0 32396 0 0 392 0 1154672 141671
fe=(301)
680 664284 664284
fi=(308)
202 1992852 1328568 664284
+1 664284 0 664284
cfn=(2730)
calls=664284 +66 
* 11974508 5251672 1471164 0 0 0 0 0 0 1154672 365
fe=(301)
716 664284 0 664284
-53 664284 664284 0 0 291883 0 0 9138
fi=(308)
108 664284
fe=(301)
663 1328568 0 0 0 0 0 0 0 0 664284
-9 1328568
fi=(308)
177 54327 54327 0 0 38527 0 0 3573
-1 54327 54327
+3 108654 54327
-2 54327
-1 54327
+1 108654
+4 162608 0 0 0 0 0 0 0 0 54327 377
-4 377678 53954
-1 107908 53954
+1 53954
+6 107908 0 0 0 0 0 0 0 0 53954 22654
-6 9239635 1847927 0 0 24542 0 0 3809
-1 3695854 1847927
+1 1847927
+6 3695854 0 0 0 0 0 0 0 0 1847927 113491
+1 121345
+1 121345
-4 5705643 0 0 0 0 0 0 0 0 1901881 54290
fi=(319) /usr/include/c++/13/bits/move.h
+16 54327 54327
+1 162981 54327 108654 0 0 33
+1 54327 0 54327
fi=(308)
85 54327 54327
fe=(301)
636 108654 54327 0 0 0 0 0 0 0 54327
fi=(308)
104 380289 162981
fe=(301)
637 54327
+1 108654 54327 0 0 0 0 0 0 0 54327 421
fi=(308)
98 54327 54327
fe=(301)
644 54327
fi=(308)
98 162981 0 54327
fe=(301)
641 217681 54327 0 0 0 0 0 0 0 54327
fi=(308)
192 746 0 373
+1 373 0 373
cfn=(2730)
calls=373 +76 
* 8579 3730 1119 0 76 0 0 3 0 746
-1 349644 0 174822
+1 174822 0 174822
cfn=(2730)
calls=174822 +76 
* 3996149 1737796 520557 0 26170 0 0 743 0 348341 1655
fe=(301)
680 175195 175195
fi=(308)
202 525585 350390 175195
+1 175195 0 175195
cfn=(2730)
calls=175195 +66 
* 4004728 1741526 521676 0 0 0 0 0 0 349087 1533
fe=(301)
700 175195
fi=(304)
68 175195 175195 0 0 3284
fe=(301)
700 175195 0 0 0 0 0 0 0 0 175195 396
fi=(304)
68 362604 0 0 0 0 0 0 0 0 120868
-24 362604 120868 0 0 0 0 0 0 0 120868 2066
+2 183582 91791 91791 0 83483 0 0 789
fe=(301)
711 367164 275373 0 0 70220 0 0 2042
fi=(308)
89 91791 91791
fe=(301)
711 275373 0 91791
cfi=(308)
cfn=(2734)
calls=91791 38 
* 105563324 10380789 12868405 0 209922 192177 0 19790 16408 9443192 501522 37584 176
* 116308 87231 0 0 22691 0 0 353
fi=(308)
89 29077 29077 0 0 28
fe=(301)
711 87231 0 29077
cfi=(308)
cfn=(2734)
calls=29077 38 
* 38042102 3326049 8501009 1 43003 147291 0 160 70054 7413042 163057 12578 123
fi=(308)
133 120868 0 120868 0 0 71
fe=(301)
712 120868 0 120868 0 0 71
+1 120868 120868
fi=(308)
108 120868
fe=(301)
721 350390 0 0 0 0 0 0 0 0 175195 705
fi=(308)
141 174530 174530 0 0 115
+1 174530
-1 174530 0 174530
+1 174530 0 174530
cfn=(2730)
calls=174530 269 
* 4014190 1745300 523590 0 0 0 0 0 0 349060 27
fe=(301)
743 174530 174530
fi=(321)
29 174530
fi=(280)
993 349060 349060 0 0 111
fi=(267)
506 174530 174530 0 0 32
fi=(280)
993 174530
fe=(301)
743 349060 174530 0 0 46
fi=(309)
278 349060
fi=(321)
29 1047180 349060 174530 0 3592 53825
fi=(309)
278 349060
fi=(321)
29 523590 174530 174530 0 1755 43656
fi=(309)
278 349060
fi=(321)
29 523590 174530 174530 0 1208 43609
fi=(309)
278 349060
fi=(321)
29 523590 174530 174530 0 1580 43655
fi=(309)
278 349060
fi=(321)
29 523590 174530 174530 0 2855 43610
fi=(309)
278 349060
fi=(321)
29 523590 174530 174530 0 1844 43656
fi=(309)
278 349060
fi=(321)
29 523590 174530 174530 0 1116 43609
fi=(309)
278 349060
fi=(321)
29 523590 174530 174530 0 1526 43655
fi=(309)
278 349060
fi=(321)
29 523590 174530 174530 0 1761 43610
fi=(309)
278 349060
fi=(321)
29 523590 174530 174530 0 1720 43656
fi=(309)
278 349060
fi=(321)
29 523590 174530 174530 0 1729 43609
fi=(309)
278 349060
fi=(321)
29 523590 174530 174530 0 1028 43655
fi=(309)
278 349060
fi=(321)
29 523590 174530 174530 0 1089 43610
fi=(309)
278 523590
fi=(321)
29 523590 0 174530 0 0 43656
fi=(309)
284 174530 174530 0 0 156
fi=(321)
29 698120 349060 349060 0 1818 87264
fi=(309)
284 4886840 349060
-1 174530 0 174530 0 0 21801
+1 2443420 174530
-1 174530 0 174530
+1 2443420 174530
-1 174530 0 174530 0 0 21809
+1 2617950 174530
-1 174530 0 174530
+1 2268890 174530
-1 174530 0 174530 0 0 21844
+1 174530 174530
fi=(280)
1283 349060 349060
fi=(309)
284 349060
-1 174530 0 174530
fi=(280)
1283 174530 0 0 0 0 0 0 0 0 174530
fi=(281)
191 174530 174530
fi=(280)
1288 174530
fi=(281)
191 174530 0 174530 0 0 6303 0 0 122
fi=(280)
1288 174530 0 174530
fe=(301)
750 174530 174530
181 174530 174530
750 349725 665 174530
181 665 665
750 1330 0 665
fi=(308)
104 3960649 1131614 0 0 4574 0 0 36
fe=(301)
637 565807
+1 1131614 0 0 0 0 0 0 0 0 565807 128953
fi=(308)
98 241736 120868 120868 0 0 77
fe=(301)
641 120868
fi=(308)
98 241736
fe=(301)
641 120868
fi=(308)
98 120868 0 120868
fe=(301)
641 120868 0 0 0 0 0 0 0 0 120868 1125
+3 941024 295690 0 0 49390 0 0 621 0 174822 62932
fi=(308)
176 173713
+5 173713 173713
-2 173713
-2 173713 173713 0 0 1799 0 0 41
-1 173713 173713
+1 173713
-1 173713
+1 347426
+4 521139 0 0 0 0 0 0 0 0 173713 1061
-4 1376224 172028 172028 0 2096 0 0 33
-1 344056 172028
+1 172028
+6 344056 0 0 0 0 0 0 0 0 172028 83526
-6 24575245 4915049 0 0 37937 0 0 2808
-1 9830098 4915049
+1 4915049
+6 9830098 0 0 0 0 0 0 0 0 4915049 449410
+1 475628
+1 475628
-4 15433259 172028 0 0 0 0 0 0 0 5087077 182854
fi=(319)
+16 172028 172028
+1 344056 172028 172028
+1 172028 0 172028
fi=(308)
-10 172028
fi=(319)
+8 1685 1685
+1 3370 1685 1685
+1 1685 0 1685
fi=(308)
-10 1685
fe=(301)
539 747 747
+4 2241 747 0 0 0 0 0 0 0 747
-1 3046 1552
+3 3104 0 0 0 0 0 0 0 0 1552 480
fi=(308)
125 4740 948 0 0 254 0 0 1
fe=(301)
552 1896
+3 948
-12 1896 0 0 0 0 0 0 0 0 948 164
fi=(308)
98 1552
-17 1552 1552 0 0 871 0 0 21
+17 3104 1552 0 0 10
fe=(301)
545 3104 0 0 0 0 0 0 0 0 1552 2
727 3990 1330 0 0 0 0 0 0 0 1330
-1 665 665
fi=(308)
141 665 0 665
+1 665 0 665
cfn=(2730)
calls=665 269 
* 17955 5985 1995 0 0 0 0 0 0 2660 497
fe=(301)
731 3325 1330 0 0 0 0 0 0 0 665
+3 665 665
fi=(308)
202 665 665
fe=(301)
732 665 0 665
fi=(308)
202 665 0 665
+1 665 0 665
cfn=(2730)
calls=665 +66 
* 17955 5985 1995 0 0 0 0 0 0 2660 661
fe=(301)
734 3586 3586
fi=(308)
202 3586 3586
fe=(301)
732 3586 0 3586
fi=(308)
202 3586 0 3586
+1 3586 0 3586
cfn=(2730)
calls=3586 +66 
* 70499 30376 8763 0 0 0 0 0 0 6835 1493
fe=(301)
735 21255 12753
-4 8502 0 0 0 0 0 0 0 0 4251
fi=(280)
993 1330 665
fe=(301)
532 1995 665 0 0 0 0 0 0 0 665
fi=(308)
121 7470 1494
fe=(301)
534 2988 0 0 0 0 0 0 0 0 1494
fi=(308)
156 747 0 747
+1 1494 0 747
cfn=(2730)
calls=747 269 
* 20169 6723 2241 0 0 0 0 0 0 2988 101
fe=(301)
532 3316 1658 0 0 0 0 0 0 0 829
fi=(308)
85 143 143
fe=(301)
558 286 0 0 0 0 0 0 0 0 143 67
+4 164 0 0 0 0 0 0 0 0 82
fi=(304)
50 87231 29077 0 0 0 0 0 0 0 29077 28
+2 29049 29049 0 0 428
+2 58098 0 29049
-1 58098 0 29049
+2 29049
-1 28 0 28 0 0 28
-1 56 0 28
+2 28
+13 54327
fe=(301)
701 54327 54327
fi=(304)
68 108654 0 0 0 0 0 0 0 0 54327
-24 162981 54327 0 0 0 0 0 0 0 54327 2423
+2 82890 41445 41445 0 37723 0 0 424
+1 41445
fi=(308)
156 82 0 82
+1 164 0 82
cfn=(2730)
calls=82 269 
* 2214 738 246 0 0 0 0 0 0 328 69
+1 82
fi=(304)
50 38646 12882 0 0 0 0 0 0 0 12882 13
+2 12869 12869 0 0 235
+2 25738 0 12869
-1 25738 0 12869
fe=(301)
703 38607 25738
fi=(308)
89 12869 12869
fe=(301)
703 51476 12869 12869
cfi=(308)
cfn=(2734)
calls=12869 38 
* 17543855 1479820 4405415 0 19911 85224 0 236 40985 3955905 81555 160 40
fi=(304)
54 13 0 13 0 0 13
-1 26 0 13
fe=(301)
703 39 26 0 0 26
fi=(308)
89 13 13 0 0 13
fe=(301)
703 52 13 13 0 4
cfi=(308)
cfn=(2734)
calls=13 38 
* 14700 1486 1737 0 62 133 0 0 0 1305 91
* 124335 82890
fi=(308)
89 41445 41445
fe=(301)
703 165780 41445 41445
cfi=(308)
cfn=(2734)
calls=41445 38 
* 47769898 4648046 5912568 0 133033 103953 0 9157 8162 4501430 256748 16 4
fi=(308)
137 108654 54327 54327 0 44
fe=(301)
704 108654 54327 54327
+1 54327 54327
fi=(308)
108 54327
fe=(301)
705 54327
fi=(280)
993 10824 10824
fe=(301)
181 32472 10824 0 0 7 0 0 0 0 10824
-22 21648
+70 5018
+1 10036
+33 5018
+1 10036
163 230 115 0 0 67 0 0 0 0 115 10
fi=(277)
1085 56 0 28
cob=(4)
cfi=(178)
cfn=(2402)
calls=28 0 
* 7850 1555 920 2 426 59 1 3 37 1239 44 84 28
* 112 0 28
cob=(4)
cfi=(178)
cfn=(2212)
calls=28 0 
* 1835540 84 1835008 0 80 28672 0 0 28650 1835120 28 28
176 28 0 28 0 0 28
fi=(282)
-62 84 56 0 0 28 0 0 0 0 28 1
fi=(307)
302 27 0 27 0 0 27
fi=(282)
119 54 0 27
fi=(277)
+80 27 27
fi=(304)
79 54
fi=(277)
199 1 1
fi=(304)
79 2
fe=(301)
181 43335 10837 0 0 0 0 0 0 0 10837 13
fi=(282)
-58 2 0 1
cfi=(280)
cfn=(2576)
calls=1 1898 
* 3661 646 594 0 90 70 0 5 65 618 13 5 1
fi=(277)
673 3 1 0 0 0 0 0 0 0 1
fi=(306)
1077 1 1
fi=(277)
141 1
1085 26 0 13
cob=(4)
cfi=(178)
cfn=(2402)
calls=13 0 
* 3438 631 382 0 196 30 0 0 13 563 32 39 13
* 52 0 13
cob=(4)
cfi=(178)
cfn=(2212)
calls=13 0 
* 852215 39 851968 0 38 13312 0 0 13300 852020 13 13
176 13 0 13 0 0 13
fi=(282)
-62 39 26 0 0 13 0 0 0 0 13
fi=(307)
302 13 0 13 0 0 13 0 0 2
fi=(282)
119 26 0 13
fi=(277)
+80 13 13
fi=(304)
79 26
fe=(301)

fn=(2806)
211 52 4 24
fi=(304)
68 8 4 0 0 0 0 0 0 0 4
-24 12 4 0 0 0 0 0 0 0 4 1
+2 8 4 4
fi=(308)
-13 12 4 4 0 1 1
+2 8
-2 12 0 8
fi=(323)
+68 4 0 4
fi=(308)
-68 4 0 4
+2 4 0 4
-2 8 0 8
+2 8 0 4
cfi=(309)
cfn=(2592)
calls=4 340 
* 4165 323 444 0 1 0 0 0 0 405 25
fe=(301)
213 8 4 4
+2 40 32 0 0 0 0 0 0 0 4 4

fn=(2782)
116 1521 117 702 0 0 117
+3 234 117 0 0 0 0 0 0 0 117 114
508 66 66
fi=(308)
284 66
137 66 0 66
284 66 0 66
fe=(301)
517 66
121 117 117
fi=(267)
506 117
fi=(321)
29 117
fi=(267)
506 117 117 0 0 40 0 0 11
fi=(309)
278 234
fi=(321)
29 702 234 117 0 5 117
fi=(309)
278 234
fi=(321)
29 351 117 117 0 1
fi=(309)
278 234
fi=(321)
29 351 117 117
fi=(309)
278 234
fi=(321)
29 351 117 117 0 1 117
fi=(309)
278 234
fi=(321)
29 351 117 117 0 3
fi=(309)
278 234
fi=(321)
29 351 117 117 0 7
fi=(309)
278 234
fi=(321)
29 351 117 117 0 1
fi=(309)
278 234
fi=(321)
29 351 117 117 0 5 117
fi=(309)
278 234
fi=(321)
29 351 117 117 0 6
fi=(309)
278 234
fi=(321)
29 351 117 117 0 6
fi=(309)
278 234
fi=(321)
29 351 117 117 0 1
fi=(309)
278 234
fi=(321)
29 351 117 117 0 1 117
fi=(309)
278 234
fi=(321)
29 351 117 117 0 4
fi=(309)
278 351
fi=(321)
29 702 234 234 0 2
fi=(309)
284 117 117
fi=(321)
29 117 0 117 0 0 116
fi=(309)
284 3159 234
-1 117 0 117
+1 1638 117
-1 117 0 117
+1 1638 117
-1 117 0 117
+1 1755 117
-1 117 0 117
+1 1404 117
-1 117 0 117
+1 468 117
fi=(321)
59 117
fi=(309)
283 117 0 117
fi=(321)
59 1404 0 1404 0 0 762
fe=(301)
+68 585 351 0 0 0 0 0 0 0 117
+5 936 0 0 0 0 0 0 0 0 468
+4 702 351 0 0 0 0 0 0 0 234
fi=(304)
-74 234 117 117 3 0 77 1
+1 117 0 117
fe=(301)
520 117 0 117 0 0 77
-2 351 0 117 0 0 20
142 1287 936 0 0 232 0 0 0 0 117
517 234 0 117
cfi=(308)
cfn=(2790)
calls=117 23 
* 4316079 1476821 872057 0 212382 144719 0 28059 16310 771215 68867
fi=(304)
68 234 117 0 0 0 0 0 0 0 117 13
fe=(301)
327 117
+1 468 234 0 0 0 0 0 0 0 117
-1 117
-1 117
+2 14982 0 0 0 0 0 0 0 0 4916 346
fi=(308)
104 4916
fe=(301)
329 4916
fi=(308)
104 24580 4916 0 0 147
fe=(301)
329 9832 0 0 0 0 0 0 0 0 4916 213
fi=(308)
98 4916 4916
fe=(301)
330 4916
fi=(308)
98 9832
fe=(301)
398 117
+2 117
-1 117
+1 117 0 0 0 0 0 0 0 0 117
+5 3775 3775 0 0 1377 0 0 173
-5 7550 0 0 0 0 0 0 0 0 3775 134
+2 7550 3775 0 0 3435 0 0 418 0 3775 20
fi=(308)
73 3755 3755
fe=(301)
403 7510
+7 234 0 0 0 0 0 0 0 0 117
-3 234 117
+1 117
-1 234
+6 7550 3775 0 0 0 0 0 0 0 3775 24
+5 20 20
-7 40 0 0 0 0 0 0 0 0 20 2
+11 234 0 0 0 0 0 0 0 0 117
+12 468 117 117 0 0 117
cfi=(299) /usr/include/c++/13/bits/random.tcc
cfn=(2394) std::mersenne_twister_engine<unsigned long, 32ul, 624ul, 397ul, 31ul, 2567483615ul, 11ul, 4294967295ul, 7ul, 2636928640ul, 15ul, 4022730752ul, 18ul, 1812433253ul>::operator()()
calls=117 +24 
* 2691 351 117 0 182 0 0 38 0 117
* 117
+1 117
-1 117
+2 551
+4 868 434 0 0 0 0 0 0 0 434 69
fi=(308)
73 431 431
fe=(301)
441 431
+1 862 0 0 0 0 0 0 0 0 431 92
+6 317 317
-10 951 0 0 0 0 0 0 0 0 317 10
+72 51 51
fi=(308)
284 102 51
133 51 0 51
284 51 0 51
fe=(301)
517 51
415 3755 3755
-1 7510 7510
+1 3755
-4 3755
+4 3755
-1 3755 0 3755
-3 3872 0 0 0 0 0 0 0 0 3755 121
+95 117
fi=(308)
81 117 117
fe=(301)
506 285 0 0 0 0 0 0 0 0 117

fl=(299)
fn=(2394)
458 117 117 0 0 65
-5 117
+5 234 0 0 0 0 0 0 0 0 117
+4 351 117 117 0 117 0 0 38
+1 468
+1 468
+1 468
+1 351
+3 117 117

ob=(2)
fl=(205) ./malloc/./malloc/morecore.c
fn=(718) __glibc_morecore
25 11
+1 22 11 0 0 0 0 0 0 0 11
-1 22 0 11
+4 11 0 11
cfi=(206) ./misc/./misc/sbrk.c
cfn=(720) sbrk
calls=11 +8 
* 462 121 77 0 44 18 0 2 0 77 10
+1 22 0 0 0 0 0 0 0 0 11
-3 11
+7 22 22

fl=(207) ./misc/../sysdeps/unix/sysv/linux/brk.c
fn=(722) brk
36 11
fi=(328) ./misc/../sysdeps/unix/sysv/linux/brk_call.h
-12 22
fe=(207)
+13 22 11 11
+1 22 0 0 0 0 0 0 0 0 11
+2 22 11 11 0 11 11
+1 22 11

fl=(243)
fn=(1900)
255 49878
+1 49878
+6 49878
+1 49878 0 0 0 0 0 0 0 0 49878 583
+2 10404 10404 0 0 4840 0 0 90
+1 10404
+1 10404 0 0 0 0 0 0 0 0 10404 637
+3 8406 8406 0 0 5
+1 8406 0 8406 0 0 5538 0 0 1241
+1 8406 0 8406 0 0 3731 0 0 683
+3 16812 8406
+30 39474
+1 39474 0 0 0 0 0 0 0 0 39474 641
+2 20436
+1 20436 0 0 0 0 0 0 0 0 20436
+33 19038 19038 0 0 3137 0 0 48
+1 19038 19038 0 0 7
+1 19038 0 19038 0 0 8058 0 0 896
+1 19038 0 19038 0 0 4543 0 0 1140
+2 19038 19038
+17 20436 20436 0 0 3
+1 20436 20436
+1 20436 0 20436 0 0 7850 0 0 647
+1 20436 0 20436 0 0 2287 0 0 52
+1 20436 20436
+7 1998 1998 0 0 3
+1 1998 1998
+1 1998 0 1998 0 0 818 0 0 159
+1 1998 0 1998 0 0 869 0 0 276
+1 1998 0 1998 0 0 1998 0 0 574
+1 1998 0 1998
+1 3996 1998
+5 1998 1998 0 0 1793
+1 1998 0 0 0 0 0 0 0 0 1998
+5 1998
+1 1998 0 0 0 0 0 0 0 0 1998 184
+2 1998 1998 0 0 844 0 0 21
+1 1998
+1 1998 0 0 0 0 0 0 0 0 1998

fl=(202)
fn=(724) alloc_perturb
1985 468 156 0 0 0 0 0 0 0 156
+2 156 156

fn=(1948)
3359 1
+4 2 0 0 0 0 0 0 0 0 1
-4 3 0 2
+14 1
-14 3 0 2
+12 1 1 0 0 1
+4 1 1
-4 1 1 0 0 1
+4 2 0 0 0 0 0 0 0 0 1
+17 3 2 0 0 0 0 0 0 0 1
fi=(203) ./malloc/./malloc/arena.c
153 3 0 0 0 0 0 0 0 0 1 1
fe=(202)
3398 3 0 1
cfn=(1952) _int_free
calls=457 4495 
* 174 53 30 0 4 0 0 0 0 31 5
+3 1 0 1
+1 6 5

fn=(716) _int_malloc
3846 1727 157 1099 0 2 87
1326 314 0 0 0 0 0 0 0 0 157 2
+19 942 0 0 0 0 0 0 0 0 157
3887 314 0 0 0 0 0 0 0 0 157
1794 157 157
3914 314 0 0 0 0 0 0 0 0 157
+63 314 0 0 0 0 0 0 0 0 157
+62 3130 0 0 0 0 0 0 0 0 626 1
+1 471 157 0 0 157 0 0 0 0 157
+20 157 157
-1 157
-1 157
+1 314 0 157
+1 314 157 0 0 0 0 0 0 0 157
-2 314 157
+12 785 157 157 0 155 0 0 0 0 157 82
-1 134 0 67
+4 134 67 0 0 66
+1 67
+2 134 0 0 0 0 0 0 0 0 67
-3 2 1
+1 1
+2 2 0 0 0 0 0 0 0 0 1
+1 204 68 0 0 67 0 0 0 0 68 1
+2 68 68 0 0 67
+1 272 0 0 0 0 0 0 0 0 136
+2 272 68 0 0 0 0 0 0 0 68
-10 68 68 0 0 6
+12 136 68 0 0 1 0 0 0 0 68
+1 136 68 0 0 0 0 0 0 0 68 1
+2 136 0 0 0 0 0 0 0 0 68
+11 270 0 0 0 0 0 0 0 0 135 2
+29 68 0 68
+1 68 0 68
+4 136 0 0 0 0 0 0 0 0 68
+29 136 0 0 0 0 0 0 0 0 68
+8 849 0 61 0 0 0 0 0 0 136 6
+1 61
+1 61 61 0 0 60
-1 61
+4 122 0 0 0 0 0 0 0 0 61
-4 7
+1 7 7 0 0 7
-1 7
+4 14 0 0 0 0 0 0 0 0 7
+5 7 7
-2 7
+2 21 7 0 0 7 0 0 0 0 7
+1 14 0 0 0 0 0 0 0 0 7 1
+7 1 1 0 0 1
-1 4 0 1
+2 3 0 2
4487 1884 1413 0 0 0 0 0 0 0 157
4221 136 68
+9 68 0 68
-9 136
+9 68 68
-9 204 0 68 0 0 66
+1 68 0 68
+1 68 0 68
+1 68 0 68
+1 68 0 68 0 0 1
+6 136 0 0 0 0 0 0 0 0 68 1
4070 204 68 0 0 0 0 0 0 0 68 61
4246 134 0 0 0 0 0 0 0 0 67
+11 471 0 0 0 0 0 0 0 0 157
+2 471
+3 157 157 0 0 150 0 0 2
-3 157
+3 314 0 0 0 0 0 0 0 0 157
+1 157
+71 471
-4 157
+1 157
+1 157
-1 157
+1 157
+1 314 157 0 0 90
+1 471
+5 627 0 0 0 0 0 0 0 0 157 1
+16 12
+2 24 0 0 0 0 0 0 0 0 12
-4 26 0 0 0 0 0 0 0 0 13 1
+8 1 1 0 0 1
+3 2 0 0 0 0 0 0 0 0 1
4240 272 68 68 0 0 0 0 0 0 68
-22 61
-48 61
+48 183 0 61 0 0 60
4343 468 0 0 0 0 0 0 0 0 156 67
4443 156 156
+1 312 156 0 0 90
+2 312 156 0 0 89 0 0 0 0 156
+3 468 0 0 0 0 0 0 0 0 156 11
+17 44 11 11 0 0 0 0 0 0 11
4169 28 0 0 0 0 0 0 0 0 7
+23 18 6 0 0 6 0 0 0 0 6
+1 12 0 0 0 0 0 0 0 0 6
+6 6 0 0 0 0 0 0 0 0 6
+13 6 6 0 0 6
+1 12 6 0 0 0 0 0 0 0 6
-44 70 0 7 0 0 0 0 0 0 7
+33 12 6 0 0 6
4373 4 1 0 0 1
+3 2 0 0 0 0 0 0 0 0 1
+2 1
+3 2 0 1
-3 2 0 1
+3 1 0 1 0 0 1
cfn=(2240) unlink_chunk.isra.0
calls=457 1608 
* 33 14 5 0 4 0 0 2 0 8
+3 4 2 0 0 0 0 0 0 0 1
+15 2 1
-5 1
+5 2
+1 2 1 0 0 0 0 0 0 0 1
+3 1 0 1 0 0 1 0 0 1
+1 1 0 1
+1 1 0 1
+3 2 0 0 0 0 0 0 0 0 1 1
+2 2 0 0 0 0 0 0 0 0 1
+2 2 0 1
+3 8 0 1
+2 3 0 1
+1 1 0 1
1985 1 1
4421 1
1985 2 0 0 0 0 0 0 0 0 1
2552 11 11 0 0 11
+12 11 11 0 0 11 0 0 1
-12 55 11 22 0 11 7
+12 11 0 0 0 0 0 0 0 0 11
4460 468 0 156 0 0 79
cfn=(724)
calls=156 1985 
* 624 312 0 0 0 0 0 0 0 156
+1 156
-9 290
+2 290
-1 145 0 145
+1 145
-3 145
+3 145
+2 145
-2 580 0 145
+2 145 0 145 0 0 145 0 0 145
+3 290
2553 11 0 11
+36 33 11
+1 11
-1 11 0 11
+1 11 0 11
+9 110 33 0 3 0 0 1 0 0 44
+6 33 22 0 0 0 0 0 0 0 11
+3 33 0 0 0 0 0 0 0 0 11
2921 33 22 0 0 0 0 0 0 0 11
+1 11 0 11
+4 11 11
+4 55 22 0 0 0 0 0 0 0 11
+5 11
-2 11
+5 11
-3 22
-3 11
+2 11 0 11
+1 11
+1 11
-1 33 0 11
+1 11 0 11 0 0 11 0 0 11
4482 11
2669 33 11 11
+8 22 11 0 0 0 0 0 0 0 11
+14 11 11
+2 11 11
-2 22 0 0 0 0 0 0 0 0 11
+8 55 11 11
+8 22 0 0 0 0 0 0 0 0 11
+20 11 11
+1 11
-1 22 0 0 0 0 0 0 0 0 11
+11 22 11
+4 22 0 0 0 0 0 0 0 0 11
+2 11 11
+2 11 11
-2 11 0 0 0 0 0 0 0 0 11
+2 11
+6 11
-6 11 0 11
+9 22 11 0 0 0 0 0 0 0 11
2873 11
+3 11
-1 11 0 11
+1 44 0 11 0 0 11 0 0 11
+12 11 11
-11 11 0 11
+11 22 0 0 0 0 0 0 0 0 11
+7 22
+1 33 0 11
+8 11 0 11 0 0 11 0 0 11
+2 11 0 11
+5 22 0 0 0 0 0 0 0 0 11
+2 44 0 11
cfn=(1952)
calls=11 4495 
* 1452 407 264 0 0 11 0 0 11 242 1
* 11
-66 22 0 0 0 0 0 0 0 0 11
-65 11
+84 22 0 0 0 0 0 0 0 0 11
2732 66 22 11
cfn=(2774) sysmalloc_mmap_fallback.constprop.0
calls=11 2490 
* 1111 253 198 0 11 8 0 0 0 132 12
* 11
+2 22 0 0 0 0 0 0 0 0 11
-25 33 0 22
cfi=(205)
cfn=(718)
calls=11 25 
* 583 154 99 0 44 18 0 2 0 99 10
+1 22 11
-1 11
+1 11 0 0 0 0 0 0 0 0 11
+2 11
+3 22 0 0 0 0 0 0 0 0 11

fn=(704)
3294 1256 0 628
+7 314 157 0 0 156 0 0 0 0 157
1326 314 0 0 0 0 0 0 0 0 157
+19 785 0 0 0 0 0 0 0 0 157 15
3311 314
+2 628 314 0 0 311 0 0 0 0 157
+3 314 157 0 0 156 0 0 0 0 157
+10 314 157 0 0 154 0 0 0 0 157 7
+28 942 785
-26 628 0 157 0 0 75
cfn=(716)
calls=157 3846 
* 32065 5615 3644 3 1127 517 1 7 190 5253 262
+1 785 157 0 0 0 0 0 0 0 314
fi=(203)
153 314 0 0 0 0 0 0 0 0 157 9
fe=(202)

fn=(1956) _int_free_maybe_consolidate
4770 132 12 84
+6 24 0 0 0 0 0 0 0 0 12
+22 132 108 0 0 0 0 0 0 0 12

fn=(1952)
4495 84 0 48
+4 36 12
+6 48 0 0 0 0 0 0 0 0 12
+1 24 0 0 0 0 0 0 0 0 12
+4 60 0 0 0 0 0 0 0 0 24 1
+8 48 24 0 0 0 0 0 0 0 12
-1 24
+1 24 12 0 0 0 0 0 0 0 12
1792 12 12
4561 24 0 0 0 0 0 0 0 0 12
+76 24 12 0 0 0 0 0 0 0 12
+3 24 12 0 0 0 0 0 0 0 12
+18 12
-12 12
+12 48 48
-12 12
cfn=(1954) _int_free_merge_chunk
calls=468 +19 
* 1110 328 246 0 4 11 0 0 11 165 5

fn=(2240)
1608 2 0 2
+2 6 2
-2 2
+2 4 2 0 0 1 0 0 1 0 2
+3 2 2 0 0 1
+1 4 2
+2 8 4 0 0 2 0 0 1 0 4 1
-3 2 2
+6 2 0 2
+1 2 0 2
+1 10 2 0 0 1 0 0 0 0 4
+2 4 2 0 0 1 0 0 0 0 2
+1 6 4 0 0 0 0 0 0 0 2
+3 4 2 0 0 0 0 0 0 0 2
+14 2 0 2
+1 2 0 2
+3 4 4

fn=(1954)
4665 60 0 48
+1 12
-1 36 0 24
+5 72 12 0 0 0 0 0 0 0 12
+3 24 12 0 0 0 0 0 0 0 12
+5 36 12 0 0 0 0 0 0 0 12
+3 24
+1 24 0 0 0 0 0 0 0 0 12
+1 24 12 0 0 1 0 0 0 0 12
1992 36 12 0 0 0 0 0 0 0 12
4689 24 12 0 0 0 0 0 0 0 12 1
+2 1 1
+2 1
-1 1
+2 4 1 0 0 1 0 0 0 0 1
+2 2 0 1
cfn=(2240)
calls=1 1608 
* 33 14 5 0 2 0 0 0 0 8 1
+18 24 12 0 0 0 0 0 0 0 12 1
+6 24 12 0 0 0 0 0 0 0 12 2
+4 12 0 12
+9 12 12
-1 12
+1 36
+1 24 12 0 0 0 0 0 0 0 12
+2 12 0 12 0 0 11 0 0 11
+2 24 0 0 0 0 0 0 0 0 12
+5 12 0 12
+1 12 0 12
+2 36 0 12
+1 12 0 12
-45 12
-1 24
+1 72 72
-1 12
cfn=(1956)
calls=468 +69 
* 288 120 84 0 0 0 0 0 0 24
+39 36 0 12

fn=(2774)
2490 121 0 66
+4 11 11
+3 33 11 0 0 0 0 0 0 0 11
+4 22 0 0 0 0 0 0 0 0 11
+1 22
+4 11
-1 22 0 0 0 0 0 0 0 0 11 2
+3 88 0 11
cfi=(296) ./misc/../sysdeps/unix/sysv/linux/mmap64.c
cfn=(2380) mmap
calls=11 47 
* 286 44 33 0 0 0 0 0 0 44
* 11
+3 22 0 0 0 0 0 0 0 0 11
+4 22 0 0 0 0 0 0 0 0 11 10
+4 44 0 11
cfi=(297) ./misc/../sysdeps/unix/sysv/linux/setvmaname.c
cfn=(2382) __set_vma_name
calls=11 33 
* 231 99 55 0 11 8 0 0 0 22
+5 11 0 11
+2 11 0 11
+2 99 77
2008 44 11 0 0 0 0 0 0 0 11

fl=(269) ./csu/../sysdeps/nptl/libc_start_call_main.h
fn=(2052) (below main)
cob=(11)
cfi=(266)
cfn=(2060)
calls=0 78 
58 1279435831 237078992 90611615 11 6216672 2548524 5 196197 255844 136930584 4906400 61907 541

fl=(297)
fn=(2382)
33 77 0 44 0 0 7
+2 55 22 11 0 11 1 0 0 0 11
+14 99 77 0 0 0 0 0 0 0 11

fl=(211)
fn=(750)
158 156
+1 312
+5 156
+1 156 0 0 0 0 0 0 0 0 156
+1 156
+1 156
+1 156 0 0 0 0 0 0 0 0 156 1
+69 156 156 0 0 137
+1 156 0 0 0 0 0 0 0 0 156
+87 156
+1 156
+1 156
+1 10223772 0 10223616 0 0 159744 0 0 159619 10223772 156
+1 156
+1 312 156 0 0 156

fl=(264)
fn=(2024)
cfi=(269)
cfn=(2052)
calls=0 29 
360 1279435831 237078992 90611615 11 6216672 2548524 5 196197 255844 136930584 4906400 61907 541

fl=(296)
fn=(2380)
47 11
+3 22 0 0 0 0 0 0 0 0 11
-3 66 0 33
+6 22 0 0 0 0 0 0 0 0 11
+5 66 0 0 0 0 0 0 0 0 11
+2 44 44
-7 55 0 0 0 0 0 0 0 0 11

fl=(206)
fn=(720)
37 88 0 44 0 0 7
+3 11 11 0 0 11
+3 11 11 0 0 11 0 0 1
-3 11 11 0 0 11 0 0 1
+3 11 0 0 0 0 0 0 0 0 11
+15 22 0 0 0 0 0 0 0 0 11
+4 22 0 0 0 0 0 0 0 0 11
+4 44 0 0 0 0 0 0 0 0 22 10
+12 11
-28 11
+28 66 55
-4 11 0 11
cfi=(207)
cfn=(722)
calls=11 -38 
* 121 33 22 0 11 11 0 0 0 11
* 22 0 0 0 0 0 0 0 0 11

totals: 1279435831 237078992 90611615 11 6216672 2548524 5 196197 255844 136930584 4906400 61907 541
