# callgrind format
version: 1
creator: callgrind-3.22.0
pid: 801880
cmd:  /home/max/projects/corintho-ai/bench/results/long-profile-2026-09-23/bin/selfplay_nn - /home/max/projects/corintho-ai/bench/results/long-profile-2026-09-23/model.mlp 48 1600 16 1 901
part: 7


desc: I1 cache: 65536 B, 64 B, 8-way associative
desc: D1 cache: 32768 B, 64 B, 8-way associative
desc: LL cache: 25165824 B, 64 B, 12-way associative

desc: Timerange: Basic block 4645941523 - 5347398082
desc: Trigger: dump

positions: line
events: Ir Dr Dw I1mr D1mr D1mw ILmr DLmr DLmw Bc Bcm Bi Bim
summary: 1033304613 203965894 65449127 0 5515311 2205971 0 415572 209536 102989266 6110936 66490 255


ob=(9) /usr/lib/x86_64-linux-gnu/libstdc++.so.6.0.33
fl=(222) ???
fn=(2076) operator new(unsigned long)
0 22 0 6
cob=(4) ???
cfi=(178) ???
cfn=(1534) 0x0000000004ca7210
calls=2 0 
0 650 118 80 0 33 6 0 9 2 122 25 2 2
0 10 6 0 0 0 0 0 0 0 2

fn=(2148) operator new[](unsigned long)
0 4
cob=(4)
cfi=(178)
cfn=(2072) 0x0000000004ca6cc0
calls=2 0 
0 686 126 86 0 35 6 0 11 2 124 25 4 2

fn=(2230) operator delete(void*)
0 8
cob=(4)
cfi=(178)
cfn=(2232) 0x0000000004ca7c60
calls=4 0 
0 660 192 120 0 59 2 0 1 0 104 14 4

fn=(2286) operator delete[](void*)
0 8
cob=(4)
cfi=(178)
cfn=(2226) 0x0000000004ca7430
calls=4 0 
0 676 196 120 0 63 2 0 3 0 104 14 8 4

ob=(1) /usr/lib/x86_64-linux-gnu/ld-linux-x86-64.so.2
fl=(1) ???
fn=(0) 0x000000000001f540
cob=(11) /home/max/projects/corintho-ai/bench/results/long-profile-2026-09-23/bin/selfplay_nn
cfi=(263) ???
cfn=(2022) (below main)
calls=0 0 
0 1033304613 203965894 65449127 0 5515311 2205971 0 415572 209536 102989266 6110936 66490 255

ob=(4)
fl=(178)
fn=(2078) 0x000000000010a590
0 108240 54120 0 0 7188 0 0 0 0 0 0 54120 247
cob=(2) /usr/lib/x86_64-linux-gnu/libc.so.6
cfi=(243) ./string/../sysdeps/x86_64/multiarch/memmove-vec-unaligned-erms.S
cfn=(1900) __memcpy_avx_unaligned_erms
calls=54120 255 
0 669844 168093 112062 0 10329 36169 0 567 15631 136341 806

fn=(2402) 0x000000000010a450
0 4 2 0 0 2 0 0 1 0 0 0 2
cob=(9)
cfi=(222)
cfn=(2148)
calls=2 0 
0 690 126 86 0 35 6 0 11 2 124 25 4 2

fn=(2452) 0x000000000010a6e0
cob=(8) /usr/lib/x86_64-linux-gnu/libgomp.so.1.0.0
cfi=(188) ???
cfn=(2454) GOMP_parallel
calls=494 0 
0 1033304613 203965894 65449127 0 5515311 2205971 0 415572 209536 102989266 6110936 66490 255

fn=(1534)
0 4 2 0 0 2 0 0 2 0 0 0 2 2
cob=(2)
cfi=(202) ./malloc/./malloc/malloc.c
cfn=(704) malloc
calls=2 3294 
0 646 116 80 0 31 6 0 7 2 122 25

fn=(2530) 0x000000000010a5e0
0 494 247 0 0 0 0 0 0 0 0 0 247
cob=(8)
cfi=(188)
cfn=(2532) GOMP_loop_ull_dynamic_start
calls=247 0 
0 36556 10127 9139 0 0 247 0 0 0 4446 912

fn=(2616) 0x000000000010a4f0
0 494 247 0 0 247 0 0 0 0 0 0 247
cob=(8)
cfi=(188)
cfn=(2618) GOMP_loop_end_nowait
calls=494 0 
0 9633 3705 2223 0 494 494 0 0 0 1482 356

fn=(2232)
0 8 4 0 0 4 0 0 1 0 0 0 4
cob=(2)
cfi=(202)
cfn=(1948) free
calls=4 3359 
0 652 188 120 0 55 2 0 0 0 104 14

fn=(2822) 0x000000000010a680
0 8 4 0 0 4 0 0 0 0 0 0 4
cob=(9)
cfi=(222)
cfn=(2286)
calls=4 0 
0 684 196 120 0 63 2 0 3 0 104 14 8 4

fn=(2072)
0 4 2 0 0 2 0 0 2 0 0 0 2
cob=(9)
cfi=(222)
cfn=(2076)
calls=2 0 
0 682 124 86 0 33 6 0 9 2 124 25 2 2

fn=(2212) 0x000000000010a520
0 4 2 0 0 2 0 0 0 0 0 0 2
cob=(2)
cfi=(211) ./string/../sysdeps/x86_64/multiarch/memset-vec-unaligned-erms.S
cfn=(750) __memset_avx2_unaligned_erms
calls=249 158 
0 131106 4 131072 0 4 2048 0 0 2046 131080 7

fn=(2226)
0 8 4 0 0 4 0 0 2 0 0 0 4 4
cob=(9)
cfi=(222)
cfn=(2230)
calls=4 0 
0 668 192 120 0 59 2 0 1 0 104 14 4

fn=(2610) 0x000000000010a810
0 23712 11856 0 0 10138 0 0 0 0 0 0 11856 2
cob=(8)
cfi=(188)
cfn=(2612) GOMP_loop_ull_dynamic_next
calls=11856 0 
0 294918 94848 35074 0 36060 0 0 0 0 47424 3628

ob=(8)
fl=(188)
fn=(2532)
0 10127 2223 2964 0 0 0 0 0 0 988 254
cfn=(2534) 0x0000000000024750
calls=247 0 
0 13832 4199 4199 0 0 247 0 0 0 1235 174
0 12597 3705 1976 0 0 0 0 0 0 2223 484

fn=(2612)
0 294918 94848 35074 0 36060 0 0 0 0 47424 3628

fn=(2534)
0 7657 1729 2223 0 0 0 0 0 0 988 174
cfn=(2504) 0x0000000000024680
calls=494 0 
0 4199 988 1729 0 0 247 0 0 0 247
0 1976 1482 247

fn=(2454)
cob=(11)
cfi=(298) /home/max/projects/corintho-ai/bench/../corintho_ai/cpp/src/trainer.cpp
cfn=(2528) Trainer::doIteration(float*, float*, int) [clone ._omp_fn.0]
calls=247 206 
0 1033304613 203965894 65449127 0 5515311 2205971 0 415572 209536 102989266 6110936 66490 255

fn=(2504)
0 4199 988 1729 0 0 247 0 0 0 247

fn=(2618)
0 9633 3705 2223 0 494 494 0 0 0 1482 356

ob=(11)
fl=(266) /home/max/projects/corintho-ai/bench/selfplay_nn.cpp
fn=(2060) main
fi=(298)
cob=(4)
cfi=(178)
cfn=(2452)
calls=247 0 
206 1033304613 203965894 65449127 0 5515311 2205971 0 415572 209536 102989266 6110936 66490 255
fe=(266)

fl=(308) /home/max/projects/corintho-ai/bench/../corintho_ai/cpp/src/node.cpp
fn=(2730) Node::syncStats()
269 12022002 4007334 0 0 48774 0 0 3965 0 4007334 177399
+2 3487571 3487571 0 0 355800
+5 6975142 6975142
-3 10462713 6975142 0 0 355894
+1 3487571
+2 3487571 0 3487571 0 0 394436 0 0 1614
-2 3487571
+3 13950284 3487571 3487571 0 0 219762 0 0 1290
112 3487571 3487571
279 7125422 0 0 0 0 0 0 0 0 3547683 23844
+2 519763 519763
-2 3457515 3457515
-1 6915030 0 3457515 0 0 187021 0 0 4944
+3 3457515 3457515
-3 60112 0 30056 0 0 1290 0 0 252
+3 30056 30056

fn=(2734) Node::Node(Game const&, Node*, Node*, int, int)
38 339172 0 169586
+2 169586
fi=(309) /home/max/projects/corintho-ai/bench/../corintho_ai/cpp/src/game.cpp
307 169586
fe=(308)
40 169586
fi=(309)
305 169586
fe=(308)
38 1356688 0 847930 0 0 1
+2 169586 169586 0 0 48441 0 0 4517
-2 508758 169586 169586 0 1911
fi=(323) /home/max/projects/corintho-ai/bench/../gsl/include/gsl/util
+63 169586 0 169586 0 0 122805 0 0 24623
fi=(309)
297 169586
fe=(308)
40 508758 169586 339172
+2 169586
fi=(309)
305 169586
+2 169586 169586 0 0 22741
fe=(308)
42 339172 0 339172
fi=(309)
307 169586
+1 169586 169586
fe=(308)
42 339172 0 339172
fi=(323)
+59 169586 0 169586
fe=(308)
-59 339172 0 339172
fi=(309)
308 169586 0 0 0 0 0 0 0 0 169586 26940
+2 731665 292666
+1 146333
-1 146333
+1 146333 146333 292666 0 0 329
-1 146333 0 146333
+13 146333
fe=(308)
45 146333
fi=(309)
323 292666 146333 438999
+4 438999 0 146333
fe=(308)
45 146333 0 146333 0 0 1
cfi=(309)
cfn=(2592) Node::initializeEdges()
calls=146333 340 
* 122645058 9676862 11371975 0 266476 135436 0 52292 5167 10112131 900318
fi=(309)
323 23253
fe=(308)
45 23253
fi=(309)
323 46506 23253 69759 0 0 101
+4 69759 0 23253
fe=(308)
45 23253 0 23253 0 0 1
cfi=(309)
cfn=(2592)
calls=23253 340 
* 19930671 1541629 1890147 0 37412 22040 0 8986 842 1662062 140579
+3 169586 169586
225 169586 169586
+1 678344 339172 0 0 0 0 0 0 0 169586 77095
+38 97694 97694
-1 195388 0 97694
+1 195388 0 97694 0 0 822 0 0 626
48 97694 0 97694
+1 293082 195388 0 0 0 0 0 0 0 97694 252
263 143784 0 71892
+1 143784 0 71892
48 71892 0 71892 0 0 2
+1 215676 143784 0 0 2 0 0 0 0 71892
+1 169586
-1 169586
+1 1017516 1017516 0 0 2
-1 169586
cfn=(2730)
calls=169586 269 
* 3922886 1690258 508758 0 2 40140 0 0 8100 350376 6002
fi=(309)
313 23253 23253
+6 23253
-6 23253
+6 46506
-1 46506
+2 23253
-10 23253 23253
+10 46506
fe=(308)
-84 71892
+6 71892 71892
-4 305340 0 0 0 0 0 0 0 0 71892 21550
fi=(304) /home/max/projects/corintho-ai/bench/../corintho_ai/cpp/include/arena.h
68 107704 53852 0 0 0 0 0 0 0 53852
fe=(308)
238 32258
fi=(304)
68 36080 18040 0 0 0 0 0 0 0 18040
fi=(320) /home/max/projects/corintho-ai/bench/../corintho_ai/cpp/include/node.h
191 71892
fi=(304)
90 71892
fi=(320)
192 71892
-1 71892 0 71892
+1 143784
fi=(304)
89 143784 0 0 0 0 0 0 0 0 71892 1364
+3 72160
-48 359460 71892 0 0 0 0 0 0 0 71892 103
+2 71707 71707 0 0 70518 0 0 1546
fe=(308)
246 71707
fi=(304)
46 71707 0 71707
fe=(308)
246 71707 0 0 0 0 0 0 0 0 71707
+14 71892 0 71892
+3 71892 71892
fi=(323)
101 143784 0 71892
fe=(308)
239 36080 0 0 0 0 0 0 0 0 18040 7992
+1 25513 0 0 0 0 0 0 0 0 6856 2287
fi=(304)
49 740 0 185
+1 555 185 0 0 0 0 0 0 0 185 2
+2 183 183 0 0 170
+1 183 183
+1 183
-1 183
fe=(308)
246 183
fi=(304)
53 183 0 183
+1 183 0 183
fe=(308)
246 183 0 0 0 0 0 0 0 0 183
fi=(304)
53 2 2
+1 2
-1 2
fe=(308)
246 2
fi=(304)
53 2 0 2
+1 2 0 2 0 0 2
fe=(308)
246 2 0 0 0 0 0 0 0 0 2
+3 18040 18040 0 0 2
-1 18040 18040
fi=(321) /usr/include/x86_64-linux-gnu/bits/string_fortified.h
29 18040
fe=(308)
250 18040
fi=(321)
29 18040
fe=(308)
250 18040 0 18040
fi=(321)
29 36080 0 36080
cob=(4)
cfi=(178)
cfn=(2078)
calls=18040 -29 
* 260486 77893 39902 0 17514 10667 0 567 6494 41813 538 18040 247
fe=(308)
252 18040 18040
-1 18040 18040
+1 18040
fi=(321)
29 18040
fe=(308)
251 18040 18040
+1 36080 0 18040
-1 54120 0 18040
fi=(321)
29 18040
fe=(308)
252 18040 0 18040
-1 18040 0 18040
fi=(321)
29 36080 0 36080
cob=(4)
cfi=(178)
cfn=(2078)
calls=18040 -29 
* 258799 72160 36080 0 2 16454 0 0 6311 47264 268 18040
fe=(308)
254 18040 18040
fi=(321)
29 36080 18040
fe=(308)
253 18040 18040
+1 36080
-1 36080
fi=(321)
29 36080 0 36080
cob=(4)
cfi=(178)
cfn=(2078)
calls=18040 -29 
* 258799 72160 36080 0 1 9048 0 0 2826 47264 0 18040
fe=(308)
257 18040 18040
fi=(321)
29 72160 54120
fe=(308)
256 18040
+1 18040
fi=(321)
29 108746 18040 0 0 0 0 0 0 0 45353
fi=(320)
192 54120
fi=(304)
68 36080 18040 0 0 0 0 0 0 0 18040 4536
+22 18040
-1 36080 0 0 0 0 0 0 0 0 18040
+3 27424
-30 27424 6856 6856
+1 13712 0 6856
-1 44736 11184 11184
+1 22368 0 11184
fi=(321)
-34 22932 3822 3822 0 1 1517 0 0 915 1911 245
fe=(308)
239 22368
fi=(277) /usr/include/c++/13/bits/unique_ptr.h
1085 4 0 2
cob=(4)
cfi=(178)
cfn=(2402)
calls=2 0 
* 694 128 86 0 37 6 0 12 2 124 25 6 2
* 8 0 2
cob=(4)
cfi=(178)
cfn=(2212)
calls=2 0 
* 131110 6 131072 0 6 2048 0 0 2046 131080 7 2
176 2 0 2 0 0 2
fi=(282) /usr/include/c++/13/bits/vector.tcc
-62 6 4 0 0 2 0 0 0 0 2 2
fi=(307) /usr/include/c++/13/tuple
302 2 0 2 0 0 2 0 0 1
fi=(282)
119 4 0 2
fi=(277)
+80 2 2
fi=(304)
79 4
fi=(321)
-50 103013 32258 32258 0 0 8873 0 0 2330 11184
fe=(308)

fn=(2790) Node::~Node()
23 1144 0 858
+1 286 286
-1 286
+1 572 0 0 0 0 0 0 0 0 286 5
fi=(304)
+44 564 282 0 0 14 0 0 0 0 282
fi=(320)
191 282 282 0 0 153 0 0 80
fe=(308)
25 282 282
fi=(320)
192 846
fi=(304)
59 564 0 0 0 0 0 0 0 0 282 63
+31 282
-1 564 0 0 0 0 0 0 0 0 282 91
+3 1008
-30 1008 252 252 0 0 249 0 0 63
+1 252 0 252
fe=(308)
-37 756 252 0 0 0 0 0 0 0 252
fi=(304)
+36 120 30 30 0 0 24 0 0 6
+1 30 0 30
fe=(308)
-37 90 30 0 0 0 0 0 0 0 30
fi=(304)
+42 564 282 0 0 0 0 0 0 0 282
-6 564 282 282 0 0 152 0 0 63
+1 282 0 282
fe=(308)
-35 858 286 0 0 30 0 0 14 0 286 129
+1 1388 286 265 0 0 0 0 0 0 286 18
cfn=(2791) Node::~Node()'2
calls=265 -6 
* 8734711 2990623 1768077 0 456395 332024 0 222294 147454 1557683 161044
fi=(304)
+39 530 265 0 0 0 0 0 0 0 265
-6 530 265 265 0 0 166 0 0 38
+1 265 0 265
fe=(308)
-33 1144 1144 0 0 97

fn=(2791)
23 824468 0 618351 0 0 4229 0 0 17
+1 206117 206117 0 0 202444 0 0 99687
-1 206117
+1 412234 0 0 0 0 0 0 0 0 206117 5151
fi=(304)
+44 402620 201310 0 0 0 0 0 0 0 201310
fi=(320)
191 201310 201310 0 0 200346 0 0 102724
fe=(308)
25 201310 201310
fi=(320)
192 603930
fi=(304)
59 402620 0 0 0 0 0 0 0 0 201310 47578
+31 64775
-1 129550 0 0 0 0 0 0 0 0 64775 14045
+3 52776
-30 52776 13194 13194 0 0 13187 0 0 5313
+1 13194 0 13194
fe=(308)
-37 39582 13194 0 0 0 0 0 0 0 13194
fi=(304)
+36 206324 51581 51581 0 0 51529 0 0 23526
+1 51581 0 51581
fe=(308)
-37 154743 51581 0 0 0 0 0 0 0 51581
fi=(304)
+42 402620 201310 0 0 0 0 0 0 0 201310
-6 402620 201310 201310 0 0 198020 0 0 92465
+1 201310 0 201310
fe=(308)
-35 900505 206117 141077 0 47435 1620 0 19883 0 206117 65199
cfn=(2791)
calls=141077 -5 
* 119570690 41387346 24084421 0 6378518 4502050 0 3077824 1940457 21394190 2062442
fi=(304)
+40 282154 141077 0 0 0 0 0 0 0 141077 332
-6 282154 141077 141077 0 0 43692 0 0 18134
+1 141077 0 141077
fe=(308)
-34 747901 206117 64775 0 3845 63 0 0 0 206117 28739
cfn=(2791)
calls=64775 -6 
* 23900317 8271669 4756387 0 1288419 883044 0 623212 393691 4284565 463949
fi=(304)
+39 129550 64775 0 0 0 0 0 0 0 64775
-6 129550 64775 64775 0 0 19684 0 0 7999
+1 64775 0 64775
fe=(308)
-33 824468 824468 0 0 2325

fl=(298)
fn=(2528)
206 2470 0 1482
fi=(280) /usr/include/c++/13/bits/stl_vector.h
993 247
fe=(298)
206 2223 988 247
fi=(280)
993 741 494 247
fe=(298)
206 494 247 247
fi=(280)
993 741
fe=(298)
206 247 0 247
fi=(280)
992 988 0 741
cob=(4)
cfi=(178)
cfn=(2530)
calls=247 0 
* 37050 10374 9139 0 0 247 0 0 0 4446 912 247
* 1235 494 247 0 0 0 0 0 0 247
cob=(4)
cfi=(178)
cfn=(2616)
calls=247 0 
* 10127 3952 2223 0 741 494 0 0 0 1482 356 247
fe=(298)
206 38285 25935 11856 0 8827 0 0 0 0 247 57
cob=(4)
cfi=(178)
cfn=(2610)
calls=11856 0 
* 318630 106704 35074 0 46198 0 0 0 0 47424 3628 11856 2
* 94848 23712 0 0 0 0 0 0 0 23712 4005
+2 35568 23712 0 0 17319 0 0 0 0 11856 1423
fi=(280)
993 30942 20628 0 0 8755
fe=(298)
214 10314 10314
fi=(280)
993 30942
fi=(268) /usr/include/c++/13/bits/stl_algobase.h
262 20628 0 0 0 0 0 0 0 0 10314
fe=(298)
-46 10314 10314
-2 20628 0 0 0 0 0 0 0 0 10314
+5 10314 10314 0 0 8483
fi=(280)
1129 10314
fe=(298)
218 10314 10314
+1 20628
fi=(280)
1129 10314
fe=(298)
219 10314
-1 30942 10314
fi=(300) /home/max/projects/corintho-ai/bench/../corintho_ai/cpp/src/selfplayer.cpp
-95 51570 10314 10314 0 10065
cfi=(301) /home/max/projects/corintho-ai/bench/../corintho_ai/cpp/src/trainmc.cpp
cfn=(2556) TrainMC::doIteration(float*, float*)
calls=10314 +21 
* 1016290385 199297217 63205930 0 4921093 1857102 0 174727 59593 100553620 5891205 53504 247
+2 20628 0 0 0 0 0 0 0 0 10314 2
+1 248 0 124
cfn=(2776) SelfPlayer::chooseMoveAndContinue()
calls=124 253 
* 16170720 4389549 2171005 0 493827 348125 0 240845 149943 2315166 209348 636 6
fe=(298)
+95 248 0 0 0 0 0 0 0 0 124
+1 12 4 4 0 3 3

fl=(263)
fn=(2022)
cob=(2)
cfi=(264) ./csu/../csu/libc-start.c
cfn=(2024) __libc_start_main@@GLIBC_2.34
calls=0 242 
0 1033304613 203965894 65449127 0 5515311 2205971 0 415572 209536 102989266 6110936 66490 255

fl=(300)
fn=(2780) SelfPlayer::chooseMove() [clone .part.0]
241 1692 141 987
+5 987 141 141 0 0 127
cfi=(301)
cfn=(2782) TrainMC::chooseMove(float*, float*)
calls=141 116 
* 4919434 1659454 972787 0 252486 184938 0 86321 56616 877152 89419
fi=(282)
114 282 282 0 0 104
fe=(300)
246 141
fi=(282)
114 564 282 0 0 213 0 0 0 0 141 9
+5 4512 2115 2256 0 751 947
fi=(326) /home/max/projects/corintho-ai/bench/../corintho_ai/cpp/include/selfplayer.h
-97 7191 3525 3666 0 106 1781 0 0 1429
fi=(282)
+97 282 0 141
fe=(300)
251 1692 1269 0 0 107 0 0 0 0 141 87

fn=(2776)
253 1488 124 868
+5 124
fi=(277)
-59 124 124 0 0 69 0 0 33
fe=(300)
+60 248 0 0 0 0 0 0 0 0 124
fi=(277)
-60 17 17 0 0 1
fe=(300)
+60 34 0 0 0 0 0 0 0 0 17
+4 1059 447 0 0 3 0 0 0 0 165 5
fi=(280)
993 16 8
fe=(300)
264 8 0 4
-22 282 141 0 0 29 0 0 12 0 141
fi=(277)
-43 141 141 0 0 26
fe=(300)
+68 282 0 0 0 0 0 0 0 0 141 1
+4 846 423 0 0 136
fi=(308)
108 141
fe=(300)
271 282 0 0 0 0 0 0 0 0 141 1
+5 411 0 137
+2 959 137 0 0 126 0 0 13 0 137
+8 274 274 0 0 128 0 0 65
fi=(301)
-97 274 0 0 0 0 0 0 0 0 137
-2 137
+1 274
+7 504 504 0 0 233 0 0 140
-6 2014 0 0 0 0 0 0 0 0 504 2
fi=(308)
81 502 502 0 0 496 0 0 295
fi=(301)
190 1004 0 0 0 0 0 0 0 0 502 91
fi=(308)
81 137 137 0 0 136 0 0 59
fi=(301)
190 274 0 0 0 0 0 0 0 0 137 76
506 270 0 0 0 0 0 0 0 0 135 1
+4 72 72
+1 72 72 0 0 32 0 0 17
fi=(308)
133 144 0 72
284 216 0 72
fi=(301)
517 216 0 144 0 0 68
cfi=(308)
cfn=(2790)
calls=72 23 
* 2951341 1010386 597406 0 155043 110751 0 103574 68454 526158 54425
fi=(308)
133 63
284 189 0 63
fi=(301)
517 189 0 126 0 0 37
cfi=(308)
cfn=(2790)
calls=63 23 
* 911721 312043 184531 0 47960 34575 0 31193 20817 162613 16614
fi=(304)
68 405 270 0 0 99 0 0 0 0 135 1
-6 270 135 135 0 0 110 0 0 27
fi=(301)
518 135
fi=(304)
63 135 0 135
fi=(301)
518 135
+2 135 0 135 0 0 105 0 0 15
fe=(300)
294 270
fi=(301)
518 135 0 135 0 0 27
fe=(300)
294 675 135 135 0 101
cfi=(301)
cfn=(2556)
calls=135 144 
* 7236431 1355823 383408 0 29151 10298 0 16575 847 725786 46272 624 2
-36 270 0 0 0 0 0 0 0 0 135
+39 120
+1 1364 1116 0 0 242 0 0 0 0 124 5
fi=(325) /home/max/projects/corintho-ai/bench/../corintho_ai/cpp/src/move.cpp
21 282 0 141
cfi=(300)
cfn=(2780)
calls=141 241 
* 4936777 1667209 979978 0 253767 187793 0 86321 58045 877434 89515
* 282
fi=(301)
199 8 0 6 0 0 2
cfi=(308)
cfn=(2790)
calls=2 23 
* 112900 38625 22822 0 5925 4331 0 2528 1737 20140 2288
fi=(304)
68 8 6 0 0 2 0 0 0 0 2
-6 2 2
fi=(301)
202 2
fi=(308)
89 2
fi=(301)
202 2
fi=(304)
62 2 0 2 0 0 2
+1 2 0 2
fi=(301)
201 8 0 2 0 0 2
+1 2 0 2
cfn=(2806) TrainMC::createRoot(Game const&, int)
calls=2 +9 
* 1759 169 183 0 9 2 0 1 0 146 15
+2 2 2
fi=(321)
29 2
fi=(301)
204 2 2 0 0 2
fi=(309)
+80 2
fi=(267) /usr/include/c++/13/bitset
506 2 2
fi=(309)
278 4
fi=(321)
29 12 4 2 0 3 2
fi=(309)
278 4
fi=(321)
29 6 2 2 0 1 1
fi=(309)
278 4
fi=(321)
29 6 2 2 0 2
fi=(309)
278 4
fi=(321)
29 6 2 2 0 0 1
fi=(309)
278 4
fi=(321)
29 6 2 2
fi=(309)
278 4
fi=(321)
29 6 2 2 0 0 1
fi=(309)
278 4
fi=(321)
29 6 2 2 0 1
fi=(309)
278 4
fi=(321)
29 6 2 2 0 0 1
fi=(309)
278 4
fi=(321)
29 6 2 2
fi=(309)
278 4
fi=(321)
29 6 2 2 0 0 1
fi=(309)
278 4
fi=(321)
29 6 2 2
fi=(309)
278 4
fi=(321)
29 6 2 2 0 0 1
fi=(309)
278 4
fi=(321)
29 6 2 2 0 1
fi=(309)
278 4
fi=(321)
29 4 0 2 0 0 1
fi=(309)
278 2
fi=(321)
29 8 4 2
fi=(309)
284 2 2 0 0 2
fi=(321)
29 2 0 2 0 0 1
fi=(309)
284 54 4
-1 2 0 2
+1 28 2
-1 2 0 2
+1 28 2
-1 2 0 2
+1 30 2
-1 2 0 2
+1 26 2
-1 2 0 2 0 0 1
+1 2 2
fi=(280)
1283 4 4
fi=(309)
284 4
-1 2 0 2
fi=(280)
1283 2 0 0 0 0 0 0 0 0 2 1
fi=(281) /usr/include/c++/13/bits/new_allocator.h
191 2 2
fi=(280)
1288 2
fi=(281)
191 2 0 2 0 0 2 0 0 1
fi=(280)
1288 2 0 2
fi=(301)
207 6 0 2
fe=(300)
+82 2
fi=(301)
508 63 63 0 0 26 0 0 16
fi=(308)
137 63 0 63
+1 63
fe=(300)
+78 4
fi=(277)
-17 4 4
fe=(300)
+17 4 0 0 0 0 0 0 0 0 4
+3 8
+6 4
-6 4
+3 4 0 4
+3 4 0 0 0 0 0 0 0 0 4
fi=(301)
89 20 4 4 0 0 0 0 0 0 4
cfi=(308)
cfn=(2790)
calls=4 -66 
* 200 72 38 0 4 1 0 0 0 35 9
fi=(304)
-21 8 4 0 0 0 0 0 0 0 4
-6 8 4 4
+1 4 0 4
fi=(301)
+26 4 4
+1 8 0 4
-1 16 0 4 0 0 0 0 0 0 4
cfi=(308)
cfn=(2790)
calls=4 -66 
* 222 76 42 0 4 4 0 0 0 39 9
fi=(304)
-21 8 4 0 0 0 0 0 0 0 4 3
-6 8 4 4 0 0 2
+1 4 0 4
fi=(277)
208 4 4
fi=(301)
90 4
fi=(277)
209 4 0 4
fi=(301)
90 4 0 4
fi=(277)
210 8 0 0 0 0 0 0 0 0 4
-70 4 0 4
cob=(4)
cfi=(178)
cfn=(2822)
calls=4 0 
* 692 200 120 0 67 2 0 3 0 104 14 12 4
+68 4 4
+1 4 0 4
+1 8 0 0 0 0 0 0 0 0 4
fe=(300)
+63 8

fl=(309)
fn=(2592)
340 169588
fi=(308)
+28 169588 0 169588
fe=(309)
-26 169588
fi=(308)
+26 1526292 0 1017528 0 0 16
fi=(267)
506 508764 169588 169588
fe=(309)
341 169588
fi=(267)
506 169588 169588
fe=(309)
340 169588
+21 169588
-21 169588
+21 169588
-20 169588
-1 169588
+1 508764
+1 508764
+1 169588
-1 169588
+1 508764
+17 339176
-17 169588
-3 169588
+1 678352
+1 678352
+1 508764
-2 339176
+2 169588
-2 339176
+1 678352
+1 508764
+1 169588
+21 169588
-21 169588
-1 169588
-3 169588
+4 1695880 0 339176
-3 508764
+28 169588
-1 169588 0 169588 0 0 46
-27 678352 0 169588
+29 339176 0 169588
-28 1017528 0 339176
+1 678352
+1 508764
+22 339176
-22 169588
+26 169588
-4 508764 0 169588
+4 847940 0 169588
59 169588
+2 169588 169588
+1 339176 0 0 0 0 0 0 0 0 169588 8433
-1 339176 339176
+1 678352 0 0 0 0 0 0 0 0 339176 1841
-2 1865468 339176 0 0 0 0 0 0 0 508764 25342
+55 508764 339176
+3 1017528 169588
+1 169588
-1 339176 0 169588
+3 169588 169588
-13 339176 169588
+9 169588
-1 339176 169588
+1 169588
-1 169588
-1 169588
+2 169588
+4 169588 169588
-4 169588 0 169588
-2 169588 0 169588
+6 678352 169588 0 0 0 0 0 0 0 169588 52085
+1 46993 0 46993
-1 847940 339176 0 0 0 0 0 0 0 169588 8399
+1 7520 0 7520
-1 847940 339176 0 0 0 0 0 0 0 169588 1569
+1 679 0 679
+7 679
+3 679
-1 679
+4 679
-3 679
-3 679
+2 679
+1 679
+3 679
+7 679 679
-13 679
+12 679 679
+11 679
+1 679
-11 679
+10 679
+1 679
-12 679
+8 679
+4 679
-12 679
+9 679
-1 679
+1 679
-1 679
+1 679
-1 679
+2 679
+4 679
-4 679
+4 679
-4 679
+3 679
+2 679
-2 679
+2 679
-5 679
+3 679
+6 679
-7 679
-13 679 679
+20 679
-1 679
-19 679
+19 679
+1 679
+4 679
-4 1358 0 679
+4 679 0 0 0 0 0 0 0 0 679 181
-35 168909
+3 168909
-1 168909
+4 168909
-3 168909
-3 168909
+2 168909
+1 168909
+3 168909
+7 168909 168909
-13 168909
+12 168909 168909
+11 168909
+1 168909
-11 168909
+10 168909
+1 168909
-12 168909
+8 168909
+4 168909
-12 168909
+9 168909
-1 168909
+1 168909
-1 168909
+1 168909
-1 168909
+2 168909
+4 168909
-4 168909
+4 168909
-4 168909
+3 168909
+2 168909
-2 168909
+2 168909
-5 168909
+3 168909
+6 168909
-7 168909
-13 168909 168909
+20 168909
-1 168909
-19 168909
+19 168909
+1 168909
+4 168909
-4 337818 0 168909
+4 168909 0 0 0 0 0 0 0 0 168909 44792
+3 89786
-2 89786
+2 314251
-3 89786 0 0 0 0 0 0 0 0 44893 8608
+1 16100
+2 56350
-3 60993 0 44893 0 0 0 0 0 0 8050 1915
+6 339176 0 0 0 0 0 0 0 0 169588 48098
+3 135510 45170
-2 90340
+2 316190
-3 90340 0 0 0 0 0 0 0 0 45170 12006
+1 9404
+2 32914
-3 9404 0 0 0 0 0 0 0 0 4702 605
41 188012 0 45170 0 0 0 0 0 0 45170 9949
fi=(265) /home/max/projects/corintho-ai/bench/../corintho_ai/cpp/include/util.h
+89 26251 0 26251
-11 52502
fi=(324) /home/max/projects/corintho-ai/bench/../corintho_ai/cpp/include/game.h
-31 26251
fi=(265)
+42 26251
-12 105004 0 52502
+12 52502
fe=(309)
+55 26251 26251
-1 26251 26251
+1 131255
fi=(265)
-23 52502
fe=(309)
+23 52502 52502 0 0 19991
fi=(265)
-23 26251 26251 0 0 18051
+1 52502 0 0 0 0 0 0 0 0 26251 6114
fe=(309)
+22 11415 11415
-1 11415 11415
+1 57075
fi=(265)
-23 22830
fe=(309)
+23 22830 22830 0 0 7379
fi=(265)
-23 11415 11415 0 0 1899
+1 104199 0 54246 0 0 0 0 0 0 11415 4789
+1 27123
fi=(324)
-75 27123
fi=(265)
+75 27123
fe=(309)
+27 27123 27123 0 0 7869
fi=(324)
88 27123
+1 54246 0 0 0 0 0 0 0 0 27123 9999
fi=(265)
+75 40755
fi=(324)
-75 40755
fi=(265)
+75 40755
fe=(309)
+27 40755 40755 0 0 6078
fi=(324)
88 40755
+1 81510 0 0 0 0 0 0 0 0 40755 13059
+1 145377 0 0 0 0 0 0 0 0 48459 12471
+1 149072 37268
fi=(265)
+39 149072
+33 74536 0 0 0 0 0 0 0 0 37268 7249
-33 122440
+33 115466 54246 0 0 0 0 0 0 0 30610 5949
+4 54246 27123
+1 54246 0 0 0 0 0 0 0 0 27123 2837
-1 21086 10543
+1 21086 0 0 0 0 0 0 0 0 10543 512
-23 37666 0 37666
+1 37666
fe=(309)
+36 112998 37666 0 0 0 0 0 0 0 37666 11952
fi=(265)
-37 52502 52502
-3 26251
+3 52502 26251 26251
+1 26251
fi=(323)
-45 26251 26251
fi=(265)
+41 78753
fi=(308)
377 26251
fi=(323)
101 26251 0 26251
fi=(308)
373 37455 5602 5602 0 0 0 0 0 0 26251 5907
+20 1865468 1526292 0 0 0 0 0 0 0 169588 830
fe=(309)
71 2996448
+2 499408
-2 2996448
+2 499408
-2 998816
+1 499408
+1 499408
-2 499408
+1 499408
-1 499408
+2 499408
-2 998816
+1 499408
+2 499408
-3 998816
+1 499408
+1 499408
-1 499408
-1 499408
+1 499408
-1 499408
+3 499408
-2 499408
+1 499408
-1 499408
+1 499408
+1 499408
-2 499408
+1 1498224
-1 499408
+1 998816
-1 499408
+1 998816
-1 499408 0 499408
+4 499408
-3 2497040 0 499408 0 0 2
+3 604412 0 0 0 0 0 0 0 0 499408 28939
+3 26251 26251
+1 52502 0 0 0 0 0 0 0 0 26251 9225
-1 78753 78753
+1 157506 0 0 0 0 0 0 0 0 78753 18686
+3 106864
-2 53432
+1 26716
+1 53432 26716 0 0 11765
+1 53432 0 0 0 0 0 0 0 0 26716
-3 10950
+1 5475
+1 10950 5475
+1 10950 0 0 0 0 0 0 0 0 5475
+1 64382
+2 32191
-2 64382 0 32191
-5 91098 0 0 0 0 0 0 0 0 32191 6511
+10 26716 26716
+1 53432 0 0 0 0 0 0 0 0 26716
-1 78288 78288
+1 156576 0 0 0 0 0 0 0 0 78288 8
+3 21900
-2 10950
+1 5475
+1 10950 5475
+1 10950 0 0 0 0 0 0 0 0 5475
+1 10950
+2 5475
-2 10950 0 5475
-5 16425 0 0 0 0 0 0 0 0 5475
-13 341263 0 0 0 0 0 0 0 0 105004 28323
fi=(323)
+23 36759 36759
fi=(265)
+41 183795 36759
fi=(323)
-41 36759 0 36759
fi=(304)
-33 327972 163986 0 0 0 0 0 0 0 163986
-24 491958 163986 0 0 0 0 0 0 0 163986 1381
+2 327972 163986 163986 0 157083 0 0 2932
fi=(265)
163 163986 163986
fi=(308)
385 163986 163986
fi=(320)
169 327972 0 327972 0 0 157412 0 0 6009
fi=(265)
-6 163986
fi=(308)
385 163986 0 163986
fi=(265)
163 163986 0 0 0 0 0 0 0 0 163986 25736
fi=(308)
386 282728
+4 282728
+1 141364
-1 565456 141364
fi=(265)
163 141364
fi=(308)
390 141364 0 141364
fi=(265)
163 141364 0 0 0 0 0 0 0 0 141364 22749
fi=(308)
390 1688546
+1 844273
-1 3377092 844273 0 0 18982 0 0 14798
fi=(265)
163 844273
fi=(308)
390 844273 0 844273
fi=(265)
163 844273 0 0 0 0 0 0 0 0 844273 123636
-1 141364 141364
fi=(308)
386 282728
+4 141364
+1 141364
-1 141364 0 141364
fi=(265)
163 282728 0 0 0 0 0 0 0 0 141364
fi=(308)
390 844273
+1 844273
-1 844273 0 844273
fi=(265)
163 1971274 141364 0 0 0 0 0 0 0 844273 115884
+5 282728
-1 141364
+1 186608 0 0 0 0 0 0 0 0 141364 4226
-1 22622
+1 182923 0 0 0 0 0 0 0 0 22622
fi=(308)
390 160301
fi=(265)
169 160301
fi=(308)
391 160301
-1 160301 160301 0 0 8743 0 0 6820
fi=(265)
169 320602
fi=(308)
390 480903
fi=(265)
168 160301
fi=(308)
390 160301 0 160301
fi=(265)
168 160301 0 0 0 0 0 0 0 0 160301 6192
fi=(308)
390 2599630
fi=(265)
169 2599630
fi=(308)
391 2599630
-1 2599630 2599630 0 0 46053 0 0 36729
fi=(265)
169 5199260
fi=(308)
390 7798890
fi=(265)
168 2599630
fi=(308)
390 2599630 0 2599630
fi=(265)
168 2759931 0 0 0 0 0 0 0 0 2599630 157536
fi=(308)
390 160301
+1 160301
-1 160301 0 160301
fi=(265)
168 320602 0 0 0 0 0 0 0 0 160301 427
fi=(308)
390 2599630
+1 2599630
-1 2599630 0 2599630
fi=(265)
168 5359561 0 0 0 0 0 0 0 0 2599630 173527
fe=(309)
41 248836 0 0 0 0 0 0 0 0 124418 12430
fi=(265)
142 106578
fi=(323)
-41 106578 106578
fi=(265)
+41 426312 106578
fi=(323)
-41 106578 0 106578
fi=(308)
373 106578 0 0 0 0 0 0 0 0 106578 4
+13 45244
fe=(309)

fl=(301)
fn=(2556)
144 146286 10449 94041 0 0 118
-75 10449 10449 0 0 10216
+75 41796 10449 20898 0 101
+4 20898 0 0 0 0 0 0 0 0 10449 1877
+15 31347 10449 0 0 2539 0 0 0 0 10449 28
fi=(280)
993 20898 20898 0 0 3967 0 0 13
fe=(301)
172 31212 10314 0 0 0 0 0 0 0 10449
299 20628 0 10314
-70 30942 20628 10314 0 258
+71 10314 10314
+1 10314
+19 10314 0 10314
-20 20628 10314 10314 0 10188
+1 103140 10314 10314 0 10304 0 0 0 0 10314
-1 153724 153724
+1 153724
+19 153724 0 153724
-20 307448 153724 153724 0 16936
+1 2521468 153724 317762 0 153492 35 0 0 0 317762 25
fi=(308)
85 164038 164038
fe=(301)
301 328076
+1 492114 164038
-78 492114 164038 0 0 40163 0 0 0 0 164038
-1 164038 164038
+1 164038
-1 328076
fi=(308)
98 328076 164038 0 0 163675
fe=(301)
225 656152 164038 164038 0 129850 58
-1 164038
+2 164038
-2 328076 0 0 0 0 0 0 0 0 164038 6127
fi=(308)
98 7170280 3585140 0 0 99976
fe=(301)
225 14340560 3585140 3585140 0 534889
-1 3585140
+2 3585140
-2 7170280 0 0 0 0 0 0 0 0 3585140 159110
+5 1804418 328076 164038
+1 307562 0 0 0 0 0 0 0 0 164038 4516
+1 717620 143524 143524
-1 143524 0 0 0 0 0 0 0 0 143524 1952
+1 425337 141779 141779
-1 141779 0 0 0 0 0 0 0 0 141779 45548
+1 292965 97655 97655
-1 97655 0 0 0 0 0 0 0 0 97655 12224
+1 32196 10732 10732
-1 1582076 143524 0 0 0 0 0 0 0 307348 57563
+1 264792 88264 88264
-1 441320 0 0 0 0 0 0 0 0 88264 29362
+1 618805 123761 123761
-1 371283 0 0 0 0 0 0 0 0 123761 38275
+1 81292
-1 81292
+1 81292 81292
-1 81292
+1 81292 0 81292
-1 81292 0 0 0 0 0 0 0 0 81292 30597
+1 124647 41549 41549
+73 3608836 164038 492114 0 2887 11 0 0 0 328076 2573
-51 164038
-14 328076 0 164038
+1 492114 0 164038
-1 656152
+1 656152
+1 492114
+15 164038
fi=(268)
-18 328076
fe=(301)
+19 328076 0 0 0 0 0 0 0 0 164038
-18 2146084
+1 2146084
+1 1609563
+15 536521
fi=(268)
-18 1073042
fe=(301)
+19 4575837 0 0 0 0 0 0 0 0 536521
+1 700559
-1 700559
+2 700559
-1 2101677 700559 700559 0 80246 84
-1 700559
+3 700559
-3 700559 0 0 0 0 0 0 0 0 700559 25451
+1 3048619
-1 3048619
+2 3048619
-1 9145857 3048619 3048619 0 339387 46
-1 3048619
+3 3048619
-3 3048619 0 0 0 0 0 0 0 0 3048619 113614
-3 4575837 0 0 0 0 0 0 0 0 700559 21916
+9 1804418 820190 164038
+1 307562 0 0 0 0 0 0 0 0 164038 6112
+1 717620 143524 143524
-1 143524 0 0 0 0 0 0 0 0 143524 1978
+1 425337 141779 141779
-1 141779 0 0 0 0 0 0 0 0 141779 49649
+1 292965 97655 97655
-1 97655 0 0 0 0 0 0 0 0 97655 10786
+1 32196 10732 10732
-1 1582076 143524 0 0 0 0 0 0 0 307348 45733
+1 264792 88264 88264
-1 441320 0 0 0 0 0 0 0 0 88264 31019
+1 618805 123761 123761
-1 371283 0 0 0 0 0 0 0 0 123761 35098
+1 81292
-1 81292
+1 81292 81292
-1 81292
+1 81292 0 81292
-1 81292 0 0 0 0 0 0 0 0 81292 29842
+1 124647 41549 41549
+4 41549 41549
+3 41549
+22 41549
-22 290843 0 0 0 0 0 0 0 0 41549
-3 122489 122489
+3 122489
+22 122489
-22 1677613 0 164038 0 0 31 0 0 0 286527 3345
+2 164038
-2 164038
+2 328076 0 0 0 0 0 0 0 0 164038 41
-1 164038
+2 492114 328076 164038 0 0 2843
-1 164038
+2 164038
-2 328076 0 0 0 0 0 0 0 0 164038
+1 10755420 7170280 3585140 0 0 71
-1 3585140
+2 3585140
-2 7170280 0 0 0 0 0 0 0 0 3585140 160340
+5 492114 328076
+1 328076 164038
-1 164038
+2 164038
+8 328076 164038
fi=(268)
-27 164038
fi=(308)
-95 164038
fe=(301)
289 164038
fi=(268)
-27 328076
fi=(308)
-95 164038 164038
fe=(301)
281 164038
fi=(308)
167 328076
fe=(301)
291 164038
fi=(308)
167 328076
fe=(301)
281 164038
fi=(308)
167 164038 0 164038
fe=(301)
281 164038 0 0 0 0 0 0 0 0 164038 428
+8 7170280 3585140
fi=(268)
-27 3585140
fi=(308)
-95 3585140
fe=(301)
289 3585140
fi=(268)
-27 7170280
fi=(308)
-95 3585140 3585140
fe=(301)
281 3585140
fi=(308)
167 7170280
fe=(301)
291 3585140
fi=(308)
167 7170280
fe=(301)
281 3585140
fi=(308)
167 3585140 0 3585140
fe=(301)
281 3585140 0 0 0 0 0 0 0 0 3585140 147650
+12 656152 164038
fi=(308)
147 164038 0 164038
fe=(301)
310 164038 164038
-1 492114 328076
+1 164038 164038 0 0 38337
-1 164038 164038 0 0 15949
+1 164038 0 0 0 0 0 0 0 0 164038 33
+2 844811
fi=(308)
202 1689622 844811 844811 0 86011
+1 844811 0 844811
cfn=(2730)
calls=844811 +66 
* 19435985 8446777 2534433 0 711692 762369 0 0 0 1692288 2166
fe=(301)
314 844811 844811
fi=(308)
161 844811 0 844811
+1 844811 0 844811
cfn=(2730)
calls=844811 269 
* 19435985 8446777 2534433 0 0 0 0 0 0 1692288 6006
fe=(301)
315 3379244 844811
+1 1689622 844811 844811
-6 1689622 844811 0 0 80990 0 0 0 0 844811 169993
+9 164038 164038
fi=(308)
202 328076 164038 164038 0 2325
+1 164038 0 164038
cfn=(2730)
calls=164038 +66 
* 656152 328076 0 0 0 0 0 0 0 164038 2
fi=(280)
993 492114 492114
fe=(301)
299 164038 0 164038
fi=(280)
993 164038
fe=(301)
299 164038 164038
fi=(280)
993 164038
fe=(301)
299 328076 0 0 0 0 0 0 0 0 164038 10331
+22 10314 10314
fi=(308)
161 10314 0 10314
+1 10314 0 10314
cfn=(2730)
calls=10314 269 
* 41256 20628 0 0 0 0 0 0 0 10314 49
fi=(280)
1606 10314 10314
1935 30942 10314 0 0 0 0 0 0 0 10314
+4 10314 0 10314
fe=(301)
181 20628 10314
-6 10314 10314
+6 10314 10314
-6 10314
+6 10314
-6 10449 135 0 0 0 0 0 0 0 10314
+6 135 135
-6 135
+6 135
-6 135 0 0 0 0 0 0 0 0 135
-1 10449
+1 10449
-1 20781 0 0 0 0 0 0 0 0 10449 122
+1 1018590 509295 0 0 2 0 0 0 0 339520 28
662 169743
-1 169743 0 169743
+1 169743 0 169743
+1 169743 169743
fi=(308)
108 169743
fe=(301)
663 678972 169743 169743 0 108 0 0 0 0 169743
-36 339486 169743 0 0 1693
-39 9677745 2639385 0 0 52038 0 0 5991 0 879795
fi=(308)
212 879795
fe=(301)
588 879795
fi=(308)
212 3519180 879795 0 0 220306 0 0 22595 0 1759590 55102
+5 825943 825943
+3 825943 825943
-3 825943
+1 1651886
+1 825943
fe=(301)
594 1651886 0 0 0 0 0 0 0 0 825943
+19 4129715 825943 0 0 0 0 0 0 0 825943
+5 43104039 14368013 0 0 187007 0 0 11317 0 14368013 1173146
fi=(308)
104 66040600 13208120 0 0 357838 0 0 11850
fe=(301)
622 13208120
fi=(308)
104 39624360 13208120
fe=(301)
623 13208120
-1 13208120 0 0 0 0 0 0 0 0 13208120
+4 13208120
+1 13208120
-1 52832480 39624360 0 0 272887 0 0 11529
+1 26416240
-1 26416240
+3 13208120
+1 26416240
-17 43104039 0 0 0 0 0 0 0 0 14368013 863896
fi=(308)
85 825943 825943
fe=(301)
636 1651886 0 0 0 0 0 0 0 0 825943 310814
+13 1420418 0 0 0 0 0 0 0 0 710209 42
fi=(308)
192 314 0 157
+1 157 0 157
cfn=(2730)
calls=157 +76 
* 3573 1554 465 0 0 0 0 0 0 312 3
fe=(301)
680 157 157
fi=(308)
202 471 314 157
+1 157 0 157
cfn=(2730)
calls=157 +66 
* 3573 1554 465 0 0 0 0 0 0 312 35
fe=(301)
685 157 157
fi=(308)
161 157 0 157
+1 157 0 157
cfn=(2730)
calls=157 269 
* 3573 1554 465 0 0 0 0 0 0 312 2
fe=(301)
688 471 314 0 0 0 0 0 0 0 157 1
fi=(308)
197 767 0 767
+1 767 0 767
cfn=(2730)
calls=767 +71 
* 17641 7670 2301 0 0 0 0 0 0 1534 140
fe=(301)
690 767 767
fi=(308)
207 2301 1534 767
+1 767 0 767
cfn=(2730)
calls=767 +61 
* 17641 7670 2301 0 0 0 0 0 0 1534 9
fe=(301)
691 2301 1534 767
-3 1534 767 0 0 0 0 0 0 0 767 166
fi=(308)
197 157 0 157
+1 157 0 157
cfn=(2730)
calls=157 +71 
* 628 314 0 0 0 0 0 0 0 157
fe=(301)
695 157 157
fi=(308)
207 471 314 157
+1 157 0 157
cfn=(2730)
calls=157 +61 
* 628 314 0 0 0 0 0 0 0 157 135
fe=(301)
696 157 157
fi=(280)
993 157 157
fe=(301)
696 314 0 157
fi=(280)
993 628 157
fe=(301)
175 314 157 0 0 0 0 0 0 0 157
fi=(280)
993 678344 169586
fe=(301)
175 498725 329139 0 0 0 0 0 0 0 169586 10190
-1 159553
+1 159553
-1 159553 0 0 0 0 0 0 0 0 159553 117
+7 1243 0 0 0 0 0 0 0 0 227
+2 135837 104490 0 0 8374 0 0 0 0 10449
fi=(308)
+9 710052
fe=(301)
654 710052 710052 0 0 188320 0 0 4552
fi=(308)
192 710052 0 710052
+1 710052 0 710052
cfn=(2730)
calls=710052 +76 
* 13112615 5745328 1621959 0 24057 0 0 1376 0 1250705 156793
fe=(301)
680 710052 710052
fi=(308)
202 2130156 1420104 710052
+1 710052 0 710052
cfn=(2730)
calls=710052 +66 
* 13112615 5745328 1621959 0 0 0 0 0 0 1250705 823
fe=(301)
716 710052 0 710052
-53 710052 710052 0 0 208548 0 0 18892
fi=(308)
108 710052
fe=(301)
663 1420104 0 0 0 0 0 0 0 0 710052
-9 1420104
fi=(308)
177 53852 53852 0 0 44136 0 0 9014
-1 53852 53852
+3 107704 53852
-2 53852
-1 53852
+1 107704
+4 158326 0 0 0 0 0 0 0 0 53852 3510
-4 354354 50622
-1 101244 50622
+1 50622
+6 101244 0 0 0 0 0 0 0 0 50622 24637
-6 5107155 1021431 0 0 19526 0 0 6378
-1 2042862 1021431
+1 1021431
+6 2042862 0 0 0 0 0 0 0 0 1021431 83226
+1 95314
+1 95314
-4 3216159 0 0 0 0 0 0 0 0 1072053 51638
fi=(319) /usr/include/c++/13/bits/move.h
+16 53852 53852
+1 161556 53852 107704 0 0 2
+1 53852 0 53852
fi=(308)
85 53852 53852
fe=(301)
636 107704 53852 0 0 0 0 0 0 0 53852
fi=(308)
104 376964 161556
fe=(301)
637 53852
+1 107704 53852 0 0 0 0 0 0 0 53852 1012
fi=(308)
98 53852 53852
fe=(301)
644 53852
fi=(308)
98 161556 0 53852
fe=(301)
641 218638 53852 0 0 0 0 0 0 0 53852 49
fi=(308)
192 6460 0 3230
+1 3230 0 3230
cfn=(2730)
calls=3230 +76 
* 74271 32292 9687 0 492 0 0 41 0 6459 1
-1 332712 0 166356
+1 166356 0 166356
cfn=(2730)
calls=166356 +76 
* 3819709 1660832 498045 0 24225 0 0 2548 0 332371 1830
fe=(301)
680 169586 169586
fi=(308)
202 508758 339172 169586
+1 169586 0 169586
cfn=(2730)
calls=169586 +66 
* 3893980 1693124 507732 0 0 0 0 0 0 338830 3645
fe=(301)
700 169586
fi=(304)
68 169586 169586 0 0 1940
fe=(301)
700 169586 0 0 0 0 0 0 0 0 169586 3827
fi=(304)
68 347202 0 0 0 0 0 0 0 0 115734
-24 347202 115734 0 0 0 0 0 0 0 115734
+2 231468 115734 115734 0 106921 0 0 2372
fe=(301)
711 462936 347202 0 0 73485 0 0 6146
fi=(308)
89 115734 115734
fe=(301)
711 347202 0 115734
cfi=(308)
cfn=(2734)
calls=115734 38 
* 113123986 11961869 13421032 0 280356 243687 0 46422 42876 9242593 772583 54128 249
fi=(308)
133 115734 0 115734 0 0 2
fe=(301)
712 115734 0 115734 0 0 2
+1 115734 115734
fi=(308)
108 115734
fe=(301)
721 339172 0 0 0 0 0 0 0 0 169586 4048
fi=(308)
141 163984 163984 0 0 2
+1 163984
-1 163984 0 163984
+1 163984 0 163984
cfn=(2730)
calls=163984 269 
* 3771632 1639840 491952 0 0 0 0 0 0 327968 473
fe=(301)
743 163984 163984
fi=(321)
29 163984
fi=(280)
993 327968 327968 0 0 2
fi=(267)
506 163984 163984 0 0 2
fi=(280)
993 163984
fe=(301)
743 327968 163984 0 0 11
fi=(309)
278 327968
fi=(321)
29 983904 327968 163984 0 3893 50573
fi=(309)
278 327968
fi=(321)
29 491952 163984 163984 0 1586 41021
fi=(309)
278 327968
fi=(321)
29 491952 163984 163984 0 1544 40971
fi=(309)
278 327968
fi=(321)
29 491952 163984 163984 0 1086 41028
fi=(309)
278 327968
fi=(321)
29 491952 163984 163984 0 2201 40964
fi=(309)
278 327968
fi=(321)
29 491952 163984 163984 0 1374 41021
fi=(309)
278 327968
fi=(321)
29 491952 163984 163984 0 695 40971
fi=(309)
278 327968
fi=(321)
29 491952 163984 163984 0 1018 41028
fi=(309)
278 327968
fi=(321)
29 491952 163984 163984 0 1349 40964
fi=(309)
278 327968
fi=(321)
29 491952 163984 163984 0 1144 41021
fi=(309)
278 327968
fi=(321)
29 491952 163984 163984 0 780 40971
fi=(309)
278 327968
fi=(321)
29 491952 163984 163984 0 521 41028
fi=(309)
278 327968
fi=(321)
29 491952 163984 163984 0 654 40964
fi=(309)
278 491952
fi=(321)
29 491952 0 163984 0 0 41021
fi=(309)
284 163984 163984 0 0 2
fi=(321)
29 655936 327968 327968 0 1515 81999
fi=(309)
284 4591552 327968
-1 163984 0 163984 0 0 20482
+1 2295776 163984
-1 163984 0 163984
+1 2295776 163984
-1 163984 0 163984 0 0 20482
+1 2459760 163984
-1 163984 0 163984
+1 2131792 163984
-1 163984 0 163984 0 0 20529
+1 163984 163984
fi=(280)
1283 327968 327968
fi=(309)
284 327968
-1 163984 0 163984
fi=(280)
1283 163984 0 0 0 0 0 0 0 0 163984
fi=(281)
191 163984 163984
fi=(280)
1288 163984
fi=(281)
191 163984 0 163984 0 0 4393 0 0 157
fi=(280)
1288 163984 0 163984
fe=(301)
750 163984 163984
181 163984 163984
750 333570 5602 163984
181 5602 5602
750 11204 0 5602
fi=(308)
104 3532298 1009228 0 0 4003 0 0 126
fe=(301)
637 504614
+1 1009228 0 0 0 0 0 0 0 0 504614 119810
fi=(308)
98 231468 115734 115734
fe=(301)
641 115734
fi=(308)
98 231468
fe=(301)
641 115734
fi=(308)
98 115734 0 115734
fe=(301)
641 115734 0 0 0 0 0 0 0 0 115734 3702
+3 896892 282090 0 0 36621 0 0 1787 0 166356 55649
fi=(308)
176 162851
+5 162851 162851
-2 162851
-2 162851 162851 0 0 1669 0 0 106
-1 162851 162851
+1 162851
-1 162851
+1 325702
+4 488553 0 0 0 0 0 0 0 0 162851 3019
-4 1253760 156720 156720 0 1995 0 0 115
-1 313440 156720
+1 156720
+6 313440 0 0 0 0 0 0 0 0 156720 78609
-6 13794225 2758845 0 0 38517 0 0 5011
-1 5517690 2758845
+1 2758845
+6 5517690 0 0 0 0 0 0 0 0 2758845 281749
+1 327092
+1 327092
-4 8903415 156720 0 0 0 0 0 0 0 2915565 163075
fi=(319)
+16 156720 156720
+1 313440 156720 156720
+1 156720 0 156720
fi=(308)
-10 156720
fi=(319)
+8 6131 6131
+1 12262 6131 6131
+1 6131 0 6131
fi=(308)
-10 6131
fe=(301)
539 6846 6846
+4 20538 6846 0 0 0 0 0 0 0 6846
-1 25569 11877
+3 23754 0 0 0 0 0 0 0 0 11877 4792
fi=(308)
125 33890 6778 0 0 1104 0 0 76
fe=(301)
552 13556
+3 6778
-12 13556 0 0 0 0 0 0 0 0 6778 2063
fi=(308)
98 11877
-17 11877 11877 0 0 5477 0 0 472
+17 23754 11877 0 0 12
fe=(301)
545 23754 0 0 0 0 0 0 0 0 11877
727 33612 11204 0 0 0 0 0 0 0 11204 24
-1 5602 5602
fi=(308)
141 5602 0 5602
+1 5602 0 5602
cfn=(2730)
calls=5602 269 
* 151254 50418 16806 0 0 0 0 0 0 22408 3151
fe=(301)
731 28010 11204 0 0 0 0 0 0 0 5602
+3 5602 5602
fi=(308)
202 5602 5602
fe=(301)
732 5602 0 5602
fi=(308)
202 5602 0 5602
+1 5602 0 5602
cfn=(2730)
calls=5602 +66 
* 151254 50418 16806 0 0 0 0 0 0 22408 5525
fe=(301)
734 28891 28891
fi=(308)
202 28891 28891
fe=(301)
732 28891 0 28891
fi=(308)
202 28891 0 28891
+1 28891 0 28891
cfn=(2730)
calls=28891 +66 
* 568019 241603 69867 0 0 0 0 0 0 57162 13549
fe=(301)
735 172465 103479
-4 68986 0 0 0 0 0 0 0 0 34493
fi=(280)
993 11204 5602
fe=(301)
532 16806 5602 0 0 0 0 0 0 0 5602
fi=(308)
121 68475 13695
fe=(301)
534 27390 0 0 0 0 0 0 0 0 13695
fi=(308)
156 6849 0 6849
+1 13698 0 6849
cfn=(2730)
calls=6849 269 
* 184854 61620 20538 0 0 0 0 0 0 27387 52
fe=(301)
532 32386 16193 0 0 0 0 0 0 0 8100
fi=(308)
85 1747 1747
fe=(301)
558 3494 0 0 0 0 0 0 0 0 1747 926
+4 2502 0 0 0 0 0 0 0 0 1251
fi=(304)
68 53852
fe=(301)
701 53852 53852
fi=(304)
68 107704 0 0 0 0 0 0 0 0 53852
-24 161556 53852 0 0 0 0 0 0 0 53852
+2 107704 53852 53852 0 49846 0 0 1075
+1 53852
fi=(308)
156 1251 0 1251
+1 2502 0 1251
cfn=(2730)
calls=1251 269 
* 33685 11231 3741 0 0 0 0 0 0 4992 852
+1 1251
fe=(301)
703 161556 107704
fi=(308)
89 53852 53852
fe=(301)
703 215408 53852 53852
cfi=(308)
cfn=(2734)
calls=53852 38 
* 50846612 5471488 5830265 0 184884 126610 0 21498 17407 4137350 417522
fi=(308)
137 107704 53852 53852
fe=(301)
704 107704 53852 53852
+1 53852 53852
fi=(308)
108 53852
fe=(301)
705 53852
fi=(280)
993 10184 10184
fe=(301)
181 30618 10216 0 0 0 0 0 0 0 10216
-22 20372
+70 20514
+1 41028
+33 20514
+1 41028
163 270 135 0 0 100 0 0 0 0 135
+18 40754 10190 0 0 0 0 0 0 0 10190 6

fn=(2806)
211 26 2 12 0 2
fi=(304)
68 4 2 0 0 0 0 0 0 0 2
-24 6 2 0 0 0 0 0 0 0 2
+2 4 2 2
fi=(308)
-13 6 2 2 0 2 2
+2 4
-2 6 0 4
fi=(323)
+68 2 0 2
fi=(308)
-68 2 0 2
+2 2 0 2
-2 4 0 4
+2 4 0 2
cfi=(309)
cfn=(2592)
calls=2 340 
* 1665 141 149 0 5 0 0 1 0 140 14
fe=(301)
213 4 2 2
+2 20 16 0 0 0 0 0 0 0 2 1

fn=(2782)
116 1833 141 846 0 0 127
+3 282 141 0 0 0 0 0 0 0 141 85
338 14
+1 89
+9 367 75 0 0 70 0 0 13 0 146 17
+6 61 61 0 0 36 0 0 4
-8 183 0 0 0 0 0 0 0 0 61
508 5 5 0 0 3 0 0 1
fi=(308)
284 5
137 5 0 5
284 5 0 5
fe=(301)
517 5
121 141 141
fi=(267)
506 141
fi=(321)
29 141
fi=(267)
506 141 141 0 0 45 0 0 19
fi=(309)
278 282
fi=(321)
29 846 282 141 0 13 125
fi=(309)
278 282
fi=(321)
29 423 141 141 0 2
fi=(309)
278 282
fi=(321)
29 423 141 141 0 9
fi=(309)
278 282
fi=(321)
29 423 141 141 0 2 128
fi=(309)
278 282
fi=(321)
29 423 141 141 0 5
fi=(309)
278 282
fi=(321)
29 423 141 141 0 4
fi=(309)
278 282
fi=(321)
29 423 141 141 0 2
fi=(309)
278 282
fi=(321)
29 423 141 141 0 5 126
fi=(309)
278 282
fi=(321)
29 423 141 141 0 2
fi=(309)
278 282
fi=(321)
29 423 141 141 0 4
fi=(309)
278 282
fi=(321)
29 423 141 141 0 2
fi=(309)
278 282
fi=(321)
29 423 141 141 0 0 125
fi=(309)
278 282
fi=(321)
29 423 141 141
fi=(309)
278 423
fi=(321)
29 846 282 282 0 3
fi=(309)
284 141 141 0 0 4
fi=(321)
29 141 0 141 0 0 125
fi=(309)
284 3807 282
-1 141 0 141
+1 1974 141
-1 141 0 141
+1 1974 141
-1 141 0 141
+1 2115 141
-1 141 0 141
+1 1692 141
-1 141 0 141
+1 564 141
fi=(321)
59 141
fi=(309)
283 141 0 141
fi=(321)
59 1692 0 1692 0 0 859
fe=(301)
+68 705 423 0 0 0 0 0 0 0 141 6
+5 976 0 0 0 0 0 0 0 0 488
+4 468 234 0 0 0 0 0 0 0 117
328 468 234 0 0 0 0 0 0 0 117
-1 117
-1 117
+2 11232 0 0 0 0 0 0 0 0 3666 211
fi=(308)
104 3666
fe=(301)
329 3666
fi=(308)
104 18330 3666 0 0 180
fe=(301)
329 7332 0 0 0 0 0 0 0 0 3666
fi=(308)
98 3666 3666
fe=(301)
330 3666
fi=(308)
98 7332
fe=(301)
375 20 0 0 0 0 0 0 0 0 10
-9 10
+3 10
-2 10
+1 10
-3 20
+17 9 9 0 0 6
-7 38 0 0 0 0 0 0 0 0 9 2
fi=(308)
73 11 11 0 0 9
fe=(301)
376 22 0 0 0 0 0 0 0 0 11 6
fi=(308)
73 10 10 0 0 6
fe=(301)
376 20 0 0 0 0 0 0 0 0 10
+3 24 12 0 0 3
-1 12
fi=(308)
81 12 12
fe=(301)
375 45 0 0 0 0 0 0 0 0 12 4
+9 20 0 0 0 0 0 0 0 0 10 7
+1 20 0 10
506 254 0 0 0 0 0 0 0 0 127 68
+4 69 69
fi=(308)
284 138 69
133 69 0 69
284 69 0 69
fe=(301)
517 207 0 69 0 0 68
cfi=(308)
cfn=(2790)
calls=69 23 
* 3439350 1177433 696077 0 179251 131607 0 66821 44411 613308 63485
* 174 0 58 0 0 54
cfi=(308)
cfn=(2790)
calls=58 23 
* 1239789 424279 250854 0 63640 47735 0 17367 11624 221141 22622
fi=(304)
68 254 127 0 0 0 0 0 0 0 127 34
-6 282 141 141 0 0 107
+1 141 0 141
fe=(301)
520 141 0 141 0 0 106
-2 423 0 141 0 0 31
142 1551 1128 0 0 317 0 0 0 0 141 2
357 42 14 0 0 0 0 0 0 0 14
+1 14 0 14
506 28 0 0 0 0 0 0 0 0 14 3
+4 9 9
fi=(308)
284 18 9 0 0 3 0 0 2
133 9 0 9
284 9 0 9
fe=(301)
517 18 0 9 0 0 4
cfi=(308)
cfn=(2790)
calls=9 23 
* 93867 32087 19019 0 4846 3595 0 896 575 16712 1888
* 10 0 5
cfi=(308)
cfn=(2790)
calls=5 23 
* 382 128 69 0 16 16 0 9 6 70 10
fi=(304)
68 28 14 0 0 0 0 0 0 0 14 4
fe=(301)
346 56 0 0 0 0 0 0 0 0 14
508 58 58
fi=(308)
284 58
137 58 0 58
284 58 0 58
fe=(301)
517 58
-50 234 0 0 0 0 0 0 0 0 117
-9 117
+1 117
+1 117
-4 117
+1 234
+25 2956 2956 0 0 1287 0 0 409
-15 11707 0 0 0 0 0 0 0 0 2956 118
+1 8868 2956 0 0 2711 0 0 780 0 2956 292
+2 13510 2702 0 0 0 0 0 0 0 5404 314
fi=(308)
73 2702 2702
fe=(301)
473 7899 0 0 0 0 0 0 0 0 5197 240
+1 2 0 0 0 0 0 0 0 0 1 1
fi=(308)
81 207 207
fe=(301)
476 207
+2 207
-1 414
+7 234 0 0 0 0 0 0 0 0 117
+1 234 0 117
+2 234 0 0 0 0 0 0 0 0 117

ob=(2)
fl=(243)
fn=(1900)
255 54120
+1 54120
+6 54120
+1 54120 0 0 0 0 0 0 0 0 54120 352
+2 10678 10678 0 0 4761 0 0 345
+1 10678
+1 10678 0 0 0 0 0 0 0 0 10678 183
+3 8767 8767 0 0 3
+1 8767 0 8767 0 0 5200 0 0 2792
+1 8767 0 8767 0 0 3934 0 0 1873
+3 17534 8767
+30 43442
+1 43442 0 0 0 0 0 0 0 0 43442
+2 22368
+1 22368 0 0 0 0 0 0 0 0 22368
+33 21074 21074 0 0 3109 0 0 166
+1 21074 21074
+1 21074 0 21074 0 0 7609 0 0 3095
+1 21074 0 21074 0 0 4902 0 0 3286
+2 21074 21074
+17 22368 22368
+1 22368 22368
+1 22368 0 22368 0 0 8557 0 0 2288
+1 22368 0 22368 0 0 2414 0 0 85
+1 22368 22368
+7 1911 1911 0 0 2
+1 1911 1911
+1 1911 0 1911 0 0 660 0 0 379
+1 1911 0 1911 0 0 982 0 0 622
+1 1911 0 1911 0 0 1911 0 0 1211
+1 1911 0 1911
+1 3822 1911
+5 1911 1911 0 0 1724
+1 1911 0 0 0 0 0 0 0 0 1911 1
+5 1911
+1 1911 0 0 0 0 0 0 0 0 1911 251
+2 1911 1911 0 0 730 0 0 56
+1 1911
+1 1911 0 0 0 0 0 0 0 0 1911 19

fl=(202)
fn=(1948)
3359 4
+4 8 0 0 0 0 0 0 0 0 4
-4 12 0 8
+14 4
-14 12 0 8
+12 4 4 0 0 4
+4 4 4 0 0 3
-4 4 4 0 0 4
+4 8 0 0 0 0 0 0 0 0 4 2
+17 12 8 0 0 8 0 0 0 0 4
fi=(203) ./malloc/./malloc/arena.c
153 12 0 0 0 0 0 0 0 0 4 3
fe=(202)
3398 12 0 4
cfn=(1952) _int_free
calls=498 4495 
* 528 148 96 0 36 2 0 0 0 88 9
+3 4 0 4
+1 24 20

fn=(716) _int_malloc
3846 22 2 14
1326 4 0 0 0 0 0 0 0 0 2 2
+19 12 0 0 0 0 0 0 0 0 2
3887 4 0 0 0 0 0 0 0 0 2
1794 2 2
3914 4 0 0 0 0 0 0 0 0 2
+63 4 0 0 0 0 0 0 0 0 2
+62 40 0 0 0 0 0 0 0 0 8
+1 6 2 0 0 2 0 0 0 0 2
+20 2 2
-1 2
-1 2
+1 4 0 2
+1 4 2 0 0 0 0 0 0 0 2
-2 4 2
+12 10 2 2 0 2 0 0 0 0 2
-1 4 0 2
+4 4 2 0 0 2
+1 2
+2 4 0 0 0 0 0 0 0 0 2
-3 4 2
+1 2
+2 4 0 0 0 0 0 0 0 0 2
+1 12 4 0 0 2 0 0 0 0 4 1
+2 4 4 0 0 3
+1 16 0 0 0 0 0 0 0 0 8 2
+2 16 4 0 0 0 0 0 0 0 4
-10 4 4
+12 8 4 0 0 2 0 0 0 0 4
+1 8 4 0 0 0 0 0 0 0 4 2
+2 8 0 0 0 0 0 0 0 0 4
+11 12 0 0 0 0 0 0 0 0 6 2
+29 4 0 4
+1 4 0 4
+4 8 0 0 0 0 0 0 0 0 4
+29 8 0 0 0 0 0 0 0 0 4 2
+8 8 0 0 0 0 0 0 0 0 2 2
+1 2
+1 2 2 0 0 2 0 0 2
-1 2
+4 4 0 0 0 0 0 0 0 0 2 2
4487 24 18 0 0 0 0 0 0 0 2
4163 4 0 2
+1 6
+1 2 2 0 0 2 0 0 2
-1 2
+57 4 2
+9 2 0 2
-9 4
+9 2 2
-9 6 0 2 0 0 2
+1 2 0 2
+1 2 0 2
+1 2 0 2
+1 2 0 2
+6 4 0 0 0 0 0 0 0 0 2
-10 4 2
+9 2 0 2
-9 4
+9 2 2
-9 6 0 2
+1 2 0 2
+1 2 0 2
+1 2 0 2
+1 2 0 2
+6 4 0 0 0 0 0 0 0 0 2 2
4070 12 4 0 0 0 0 0 0 0 4 2
4246 4 0 0 0 0 0 0 0 0 2
+11 6 0 0 0 0 0 0 0 0 2
+2 6
+3 2 2 0 0 2 0 0 1
-3 2
+3 4 0 0 0 0 0 0 0 0 2
+1 2
+71 6
-4 2
+1 2
+1 2
-1 2
+1 2
+1 4 2
+1 6
+5 8 0 0 0 0 0 0 0 0 2
-99 16 4 4 0 0 0 0 0 0 4
-79 2
+8 10 0 2
+49 2
-48 2
+48 6 0 2 0 0 2
4343 6 0 0 0 0 0 0 0 0 2 2
4443 2 2
+1 4 2 0 0 2 0 0 2
+2 4 2 0 0 0 0 0 0 0 2
+3 6 0 0 0 0 0 0 0 0 2
+11 6 0 2
cfn=(724) alloc_perturb
calls=2 1985 
* 8 4 0 0 0 0 0 0 0 2
+1 2
-9 4
+2 4
-1 2 0 2
+1 2
-3 2
+3 2
+2 2
-2 8 0 2
+2 2 0 2 0 0 2 0 0 2
+3 4

fn=(704)
3294 16 0 8
+7 4 2 0 0 2 0 0 0 0 2
1326 4 0 0 0 0 0 0 0 0 2
+19 10 0 0 0 0 0 0 0 0 2
3311 4
+2 8 4 0 0 4 0 0 0 0 2
+3 4 2 0 0 2 0 0 0 0 2
+10 4 2 0 0 2 0 0 0 0 2 2
+28 12 10
-26 8 0 2
cfn=(716)
calls=2 3846 
* 558 94 70 0 21 6 0 7 2 104 21
+1 10 2 0 0 0 0 0 0 0 4
fi=(203)
153 4 0 0 0 0 0 0 0 0 2 2
fe=(202)

fn=(1956) _int_free_maybe_consolidate
4770 44 4 28
+6 8 0 0 0 0 0 0 0 0 4
+22 44 36 0 0 0 0 0 0 0 4

fn=(1952)
4495 28 0 16
+4 12 4
+6 16 0 0 0 0 0 0 0 0 4
+1 8 0 0 0 0 0 0 0 0 4
+4 20 0 0 0 0 0 0 0 0 8 1
+8 16 8 0 0 0 0 0 0 0 4
-1 8
+1 8 4 0 0 4 0 0 0 0 4
1792 4 4 0 0 4
4561 8 0 0 0 0 0 0 0 0 4
+76 8 4 0 0 0 0 0 0 0 4
+3 8 4 0 0 4 0 0 0 0 4
+18 4
-12 4
+12 16 16
-12 4
cfn=(1954) _int_free_merge_chunk
calls=498 +19 
* 356 104 80 0 24 2 0 0 0 52 8

fn=(1954)
4665 20 0 16
+1 4
-1 12 0 8
+5 24 4 0 0 4 0 0 0 0 4
+3 8 4 0 0 4 0 0 0 0 4
+5 12 4 0 0 4 0 0 0 0 4
+3 8
+1 8 0 0 0 0 0 0 0 0 4
+1 8 4 0 0 4 0 0 0 0 4
1992 12 4 0 0 0 0 0 0 0 4
4689 8 4 0 0 0 0 0 0 0 4 4
+25 8 4 0 0 0 0 0 0 0 4
+6 8 4 0 0 4 0 0 0 0 4
+4 4 0 4
+9 4 4
-1 4
+1 12
+1 8 4 0 0 4 0 0 0 0 4
+2 4 0 4 0 0 1
+2 8 0 0 0 0 0 0 0 0 4 4
+5 4 0 4
+1 4 0 4
+2 12 0 4
+1 4 0 4
-45 4
-1 8
+1 24 24
-1 4
cfn=(1956)
calls=986 +69 
* 96 40 28 0 0 0 0 0 0 8
+39 12 0 4 0 0 1

fn=(724)
1985 6 2 0 0 0 0 0 0 0 2
+2 2 2

fl=(269) ./csu/../sysdeps/nptl/libc_start_call_main.h
fn=(2052) (below main)
cob=(11)
cfi=(266)
cfn=(2060)
calls=0 78 
58 1033304613 203965894 65449127 0 5515311 2205971 0 415572 209536 102989266 6110936 66490 255

fl=(211)
fn=(750)
158 2
+1 4
+5 2
+1 2 0 0 0 0 0 0 0 0 2
+1 2
+1 2
+1 2 0 0 0 0 0 0 0 0 2 2
+69 2 2 0 0 2
+1 2 0 0 0 0 0 0 0 0 2 1
+87 2
+1 2
+1 2
+1 131074 0 131072 0 0 2048 0 0 2046 131074 4
+1 2
+1 4 2 0 0 2

fl=(264)
fn=(2024)
cfi=(269)
cfn=(2052)
calls=0 29 
360 1033304613 203965894 65449127 0 5515311 2205971 0 415572 209536 102989266 6110936 66490 255

totals: 1033304613 203965894 65449127 0 5515311 2205971 0 415572 209536 102989266 6110936 66490 255
