# callgrind format
version: 1
creator: callgrind-3.22.0
pid: 801880
cmd:  /home/max/projects/corintho-ai/bench/results/long-profile-2026-09-23/bin/selfplay_nn - /home/max/projects/corintho-ai/bench/results/long-profile-2026-09-23/model.mlp 48 1600 16 1 901
part: 8


desc: I1 cache: 65536 B, 64 B, 8-way associative
desc: D1 cache: 32768 B, 64 B, 8-way associative
desc: LL cache: 25165824 B, 64 B, 12-way associative

desc: Timerange: Basic block 5347398082 - 6022655863
desc: Trigger: dump

positions: line
events: Ir Dr Dw I1mr D1mr D1mw ILmr DLmr DLmw Bc Bcm Bi Bim
summary: 919246547 184212868 60224109 3 5213546 2093710 3 317643 171492 91476393 6276236 67519 262


ob=(9) /usr/lib/x86_64-linux-gnu/libstdc++.so.6.0.33
fl=(222) ???
fn=(2076) operator new(unsigned long)
0 22 0 6
cob=(4) ???
cfi=(178) ???
cfn=(1534) 0x0000000004ca7210
calls=2 0 
0 1060 221 151 1 42 12 1 11 5 189 31 2 2
0 10 6 0 0 0 0 0 0 0 2

fn=(2148) operator new[](unsigned long)
0 4
cob=(4)
cfi=(178)
cfn=(2072) 0x0000000004ca6cc0
calls=2 0 
0 1096 229 157 1 44 12 1 13 5 191 31 4 2

fn=(2230) operator delete(void*)
0 4
cob=(4)
cfi=(178)
cfn=(2232) 0x0000000004ca7c60
calls=2 0 
0 330 96 60 0 30 0 0 2 0 52 6 2

fn=(2286) operator delete[](void*)
0 4
cob=(4)
cfi=(178)
cfn=(2226) 0x0000000004ca7430
calls=2 0 
0 338 98 60 0 32 0 0 4 0 52 6 4 2

ob=(1) /usr/lib/x86_64-linux-gnu/ld-linux-x86-64.so.2
fl=(1) ???
fn=(0) 0x000000000001f540
cob=(11) /home/max/projects/corintho-ai/bench/results/long-profile-2026-09-23/bin/selfplay_nn
cfi=(263) ???
cfn=(2022) (below main)
calls=0 0 
0 919246547 184212868 60224109 3 5213546 2093710 3 317643 171492 91476393 6276236 67519 262

ob=(4)
fl=(178)
fn=(2232)
0 4 2 0 0 2 0 0 2 0 0 0 2
cob=(2) /usr/lib/x86_64-linux-gnu/libc.so.6
cfi=(202) ./malloc/./malloc/malloc.c
cfn=(1948) free
calls=2 3359 
0 326 94 60 0 28 0 0 0 0 52 6

fn=(2822) 0x000000000010a680
0 4 2 0 0 2 0 0 0 0 0 0 2
cob=(9)
cfi=(222)
cfn=(2286)
calls=2 0 
0 342 98 60 0 32 0 0 4 0 52 6 4 2

fn=(2072)
0 4 2 0 0 2 0 0 2 0 0 0 2
cob=(9)
cfi=(222)
cfn=(2076)
calls=2 0 
0 1092 227 157 1 42 12 1 11 5 191 31 2 2

fn=(2212) 0x000000000010a520
0 4 2 0 0 2 0 0 0 0 0 0 2
cob=(2)
cfi=(211) ./string/../sysdeps/x86_64/multiarch/memset-vec-unaligned-erms.S
cfn=(750) __memset_avx2_unaligned_erms
calls=258 158 
0 131106 4 131072 0 4 2048 0 0 2046 131080 7

fn=(2226)
0 4 2 0 0 2 0 0 2 0 0 0 2 2
cob=(9)
cfi=(222)
cfn=(2230)
calls=2 0 
0 334 96 60 0 30 0 0 2 0 52 6 2

fn=(2610) 0x000000000010a810
0 24576 12288 0 0 9810 0 0 0 0 0 0 12288 2
cob=(8) /usr/lib/x86_64-linux-gnu/libgomp.so.1.0.0
cfi=(188) ???
cfn=(2612) GOMP_loop_ull_dynamic_next
calls=12288 0 
0 305664 98304 36352 0 34618 0 0 0 0 49152 4691

fn=(2078) 0x000000000010a590
0 109410 54705 0 0 6735 0 0 0 0 0 0 54705 256
cob=(2)
cfi=(243) ./string/../sysdeps/x86_64/multiarch/memmove-vec-unaligned-erms.S
cfn=(1900) __memcpy_avx_unaligned_erms
calls=54705 255 
0 676645 169908 113272 0 10401 36718 0 441 14440 137525 888

fn=(2402) 0x000000000010a450
0 4 2 0 0 2 0 0 0 0 0 0 2
cob=(9)
cfi=(222)
cfn=(2148)
calls=2 0 
0 1100 229 157 1 44 12 1 13 5 191 31 4 2

fn=(2452) 0x000000000010a6e0
cob=(8)
cfi=(188)
cfn=(2454) GOMP_parallel
calls=512 0 
0 919246547 184212868 60224109 3 5213546 2093710 3 317643 171492 91476393 6276236 67519 262

fn=(1534)
0 4 2 0 0 2 0 0 2 0 0 0 2 2
cob=(2)
cfi=(202)
cfn=(704) malloc
calls=2 3294 
0 1056 219 151 1 40 12 1 9 5 189 31

fn=(2530) 0x000000000010a5e0
0 512 256 0 0 0 0 0 0 0 0 0 256
cob=(8)
cfi=(188)
cfn=(2532) GOMP_loop_ull_dynamic_start
calls=256 0 
0 37888 10496 9472 0 0 256 0 0 0 4608 1084

fn=(2616) 0x000000000010a4f0
0 512 256 0 0 256 0 0 0 0 0 0 256
cob=(8)
cfi=(188)
cfn=(2618) GOMP_loop_end_nowait
calls=512 0 
0 9984 3840 2304 0 512 512 0 0 0 1536 362

ob=(8)
fl=(188)
fn=(2532)
0 10496 2304 3072 0 0 0 0 0 0 1024 404
cfn=(2534) 0x0000000000024750
calls=256 0 
0 14336 4352 4352 0 0 256 0 0 0 1280 170
0 13056 3840 2048 0 0 0 0 0 0 2304 510

fn=(2612)
0 305664 98304 36352 0 34618 0 0 0 0 49152 4691

fn=(2534)
0 7936 1792 2304 0 0 0 0 0 0 1024 170
cfn=(2504) 0x0000000000024680
calls=512 0 
0 4352 1024 1792 0 0 256 0 0 0 256
0 2048 1536 256

fn=(2454)
cob=(11)
cfi=(298) /home/max/projects/corintho-ai/bench/../corintho_ai/cpp/src/trainer.cpp
cfn=(2528) Trainer::doIteration(float*, float*, int) [clone ._omp_fn.0]
calls=256 206 
0 919246547 184212868 60224109 3 5213546 2093710 3 317643 171492 91476393 6276236 67519 262

fn=(2504)
0 4352 1024 1792 0 0 256 0 0 0 256

fn=(2618)
0 9984 3840 2304 0 512 512 0 0 0 1536 362

ob=(11)
fl=(266) /home/max/projects/corintho-ai/bench/selfplay_nn.cpp
fn=(2060) main
fi=(298)
cob=(4)
cfi=(178)
cfn=(2452)
calls=256 0 
206 919246547 184212868 60224109 3 5213546 2093710 3 317643 171492 91476393 6276236 67519 262
fe=(266)

fl=(308) /home/max/projects/corintho-ai/bench/../corintho_ai/cpp/src/node.cpp
fn=(2734) Node::Node(Game const&, Node*, Node*, int, int)
38 334356 0 167178
+2 167178
fi=(309) /home/max/projects/corintho-ai/bench/../corintho_ai/cpp/src/game.cpp
307 167178
fe=(308)
40 167178
fi=(309)
305 167178
fe=(308)
38 1337424 0 835890 0 0 2
+2 167178 167178 0 0 47337 0 0 3572
-2 501534 167178 167178 0 1749
fi=(323) /home/max/projects/corintho-ai/bench/../gsl/include/gsl/util
+63 167178 0 167178 0 0 121223 0 0 23274
fi=(309)
297 167178
fe=(308)
40 501534 167178 334356
+2 167178
fi=(309)
305 167178
+2 167178 167178 0 0 20407
fe=(308)
42 334356 0 334356
fi=(309)
307 167178
+1 167178 167178
fe=(308)
42 334356 0 334356
fi=(323)
+59 167178 0 167178
fe=(308)
-59 334356 0 334356
fi=(309)
308 167178 0 0 0 0 0 0 0 0 167178 26612
+2 721705 288682
+1 144341
-1 144341
+1 144341 144341 288682 0 0 868
-1 144341 0 144341
+13 144341
fe=(308)
45 144341
fi=(309)
323 288682 144341 433023
+4 433023 0 144341
fe=(308)
45 144341 0 144341
cfi=(309)
cfn=(2592) Node::initializeEdges()
calls=144341 340 
* 113826934 9179746 10272340 0 267461 131912 0 45410 4776 9107131 933620
fi=(309)
323 22837
fe=(308)
45 22837
fi=(309)
323 45674 22837 68511 0 0 144
+4 68511 0 22837
fe=(308)
45 22837 0 22837
cfi=(309)
cfn=(2592)
calls=22837 340 
* 17968085 1425941 1647755 0 36777 21350 0 7346 780 1435756 145246
+3 167178 167178
225 167178 167178
+1 668712 334356 0 0 0 0 0 0 0 167178 75289
+38 94802 94802
-1 189604 0 94802
+1 189604 0 94802 0 0 437 0 0 287
48 94802 0 94802
+1 284406 189604 0 0 0 0 0 0 0 94802 284
263 144752 0 72376
+1 144752 0 72376
48 72376 0 72376 0 0 2
+1 217128 144752 0 0 2 0 0 0 0 72376
+1 167178
-1 167178
+1 1003068 1003068 0 0 2
-1 167178
cfn=(2730) Node::syncStats()
calls=167178 269 
* 3875849 1664095 501534 0 2 39257 0 0 7335 349731 8375
fi=(309)
313 22837 22837
+6 22837
-6 22837
+6 45674
-1 45674
+2 22837
-10 22837 22837
+10 45674
fe=(308)
-84 72376
+6 72376 72376
-4 307175 0 0 0 0 0 0 0 0 72376 21799
fi=(304) /home/max/projects/corintho-ai/bench/../corintho_ai/cpp/include/arena.h
68 108282 54141 0 0 0 0 0 0 0 54141
fe=(308)
238 32608
fi=(304)
68 36470 18235 0 0 0 0 0 0 0 18235
fi=(320) /home/max/projects/corintho-ai/bench/../corintho_ai/cpp/include/node.h
191 72376
fi=(304)
90 72376
fi=(320)
192 72376
-1 72376 0 72376
+1 144752
fi=(304)
89 144752 0 0 0 0 0 0 0 0 72376 1724
+3 72940
-48 361880 72376 0 0 0 0 0 0 0 72376 74
+2 72115 72115 0 0 71027 0 0 1590
fe=(308)
246 72115
fi=(304)
46 72115 0 72115
fe=(308)
246 72115 0 0 0 0 0 0 0 0 72115
+14 72376 0 72376
+3 72376 72376
fi=(323)
101 144752 0 72376
fe=(308)
239 36470 0 0 0 0 0 0 0 0 18235 8308
+1 26365 0 0 0 0 0 0 0 0 7074 2345
fi=(304)
49 1044 0 261
+1 783 261 0 0 0 0 0 0 0 261 2
+2 259 259 0 0 232
+1 259 259
+1 259
-1 259
fe=(308)
246 259
fi=(304)
53 259 0 259
+1 259 0 259
fe=(308)
246 259 0 0 0 0 0 0 0 0 259
fi=(304)
53 2 2
+1 2
-1 2
fe=(308)
246 2
fi=(304)
53 2 0 2
+1 2 0 2 0 0 2
fe=(308)
246 2 0 0 0 0 0 0 0 0 2
+3 18235 18235 0 0 2
-1 18235 18235
fi=(321) /usr/include/x86_64-linux-gnu/bits/string_fortified.h
29 18235
fe=(308)
250 18235
fi=(321)
29 18235
fe=(308)
250 18235 0 18235
fi=(321)
29 36470 0 36470
cob=(4)
cfi=(178)
cfn=(2078)
calls=18235 -29 
* 263439 78733 40332 0 17132 11049 0 441 6102 42263 638 18235 256
fe=(308)
252 18235 18235
-1 18235 18235
+1 18235
fi=(321)
29 18235
fe=(308)
251 18235 18235
+1 36470 0 18235
-1 54705 0 18235
fi=(321)
29 18235
fe=(308)
252 18235 0 18235
-1 18235 0 18235
fi=(321)
29 36470 0 36470
cob=(4)
cfi=(178)
cfn=(2078)
calls=18235 -29 
* 261308 72940 36470 0 2 16514 0 0 5863 47631 250 18235
fe=(308)
254 18235 18235
fi=(321)
29 36470 18235
fe=(308)
253 18235 18235
+1 36470
-1 36470
fi=(321)
29 36470 0 36470
cob=(4)
cfi=(178)
cfn=(2078)
calls=18235 -29 
* 261308 72940 36470 0 2 9155 0 0 2475 47631 0 18235
fe=(308)
257 18235 18235
fi=(321)
29 72940 54705
fe=(308)
256 18235
+1 18235
fi=(321)
29 109635 18235 0 0 0 0 0 0 0 45700
fi=(320)
192 54705
fi=(304)
68 36470 18235 0 0 0 0 0 0 0 18235 4841
+22 18235
-1 36470 0 0 0 0 0 0 0 0 18235
+3 28296
-30 28296 7074 7074
+1 14148 0 7074
-1 44644 11161 11161
+1 22322 0 11161
fi=(321)
-34 23172 3862 3862 0 0 1300 0 0 677 1931 254
fe=(308)
239 22322
fi=(277) /usr/include/c++/13/bits/unique_ptr.h
1085 4 0 2
cob=(4)
cfi=(178)
cfn=(2402)
calls=2 0 
* 1104 231 157 1 46 12 1 13 5 191 31 6 2
* 8 0 2
cob=(4)
cfi=(178)
cfn=(2212)
calls=2 0 
* 131110 6 131072 0 6 2048 0 0 2046 131080 7 2
176 2 0 2 0 0 2
fi=(282) /usr/include/c++/13/bits/vector.tcc
-62 6 4 0 0 2 0 0 0 0 2 2
fi=(307) /usr/include/c++/13/tuple
302 2 0 2 0 0 2
fi=(282)
119 4 0 2
fi=(277)
+80 2 2
fi=(304)
79 4
fi=(321)
-50 103842 32608 32608 0 0 9039 0 0 2399 11161
fe=(308)

fn=(2790) Node::~Node()
23 896 0 672
+1 224 224
-1 224
+1 448 0 0 0 0 0 0 0 0 224 3
fi=(304)
+44 444 222 0 0 21 0 0 0 0 222
fi=(320)
191 222 222 0 0 114 0 0 48
fe=(308)
25 222 222
fi=(320)
192 666
fi=(304)
59 444 0 0 0 0 0 0 0 0 222 54
+31 222
-1 444 0 0 0 0 0 0 0 0 222 75
+3 820
-30 820 205 205 0 0 204 0 0 41
+1 205 0 205
fe=(308)
-37 615 205 0 0 0 0 0 0 0 205
fi=(304)
+36 68 17 17 0 0 13 0 0 5
+1 17 0 17
fe=(308)
-37 51 17 0 0 0 0 0 0 0 17
fi=(304)
+42 444 222 0 0 0 0 0 0 0 222
-6 444 222 222 0 0 115 0 0 40
+1 222 0 222
fe=(308)
-35 672 224 0 0 27 0 0 12 0 224 114
+1 1116 224 222 0 0 0 0 0 0 224
cfn=(2791) Node::~Node()'2
calls=222 -6 
* 7476974 2557597 1515046 0 390208 285465 0 169053 114056 1331984 141338
fi=(304)
+39 444 222 0 0 0 0 0 0 0 222
-6 444 222 222 0 0 167 0 0 33
+1 222 0 222
fe=(308)
-33 896 896 0 0 94

fn=(2791)
23 707932 0 530949 0 0 3264 0 0 4
+1 176983 176983 0 0 173971 0 0 75563
-1 176983
+1 353966 0 0 0 0 0 0 0 0 176983 7137
fi=(304)
+44 340920 170460 0 0 0 0 0 0 0 170460
fi=(320)
191 170460 170460 0 0 170198 0 0 77959
fe=(308)
25 170460 170460
fi=(320)
192 511380
fi=(304)
59 340920 0 0 0 0 0 0 0 0 170460 41553
+31 56447
-1 112894 0 0 0 0 0 0 0 0 56447 12300
+3 46596
-30 46596 11649 11649 0 0 11645 0 0 4034
+1 11649 0 11649
fe=(308)
-37 34947 11649 0 0 0 0 0 0 0 11649
fi=(304)
+36 179192 44798 44798 0 0 44736 0 0 18334
+1 44798 0 44798
fe=(308)
-37 134394 44798 0 0 0 0 0 0 0 44798
fi=(304)
+42 340920 170460 0 0 0 0 0 0 0 170460
-6 340920 170460 170460 0 0 170097 0 0 70807
+1 170460 0 170460
fe=(308)
-35 771577 176983 120314 0 40674 1160 0 15531 0 176983 55223
cfn=(2791)
calls=120314 -5 
* 97588729 33722040 19665346 0 5187338 3688064 0 2240032 1443318 17444557 1779368
fi=(304)
+40 240628 120314 0 0 0 0 0 0 0 120314 336
-6 240628 120314 120314 0 0 37192 0 0 14337
+1 120314 0 120314
fe=(308)
-34 643843 176983 56447 0 3350 63 0 0 0 176983 24789
cfn=(2791)
calls=56447 -6 
* 20586008 7121849 4104147 0 1109286 761288 0 467366 297827 3685256 408226
fi=(304)
+39 112894 56447 0 0 0 0 0 0 0 56447
-6 112894 56447 56447 0 0 17308 0 0 6540
+1 56447 0 56447
fe=(308)
-33 707932 707932 0 0 2015

fn=(2730)
269 11789016 3929672 0 0 45578 0 0 2906 0 3929672 175813
+2 3417059 3417059 0 0 342679
+5 6834118 6834118
-3 10251177 6834118 0 0 342804
+1 3417059
+2 3417059 0 3417059 0 0 379120 0 0 1495
-2 3417059
+3 13668236 3417059 3417059 0 0 207325 0 0 1121
112 3417059 3417059
279 7038638 45 0 0 0 0 0 0 0 3498851 32432
-1 45
+1 45
-1 45 0 45 0 0 4 0 0 1
+3 512658 512658
-2 3376158 3376158
-1 6752316 0 3376158 0 0 176620 0 0 4387
+3 3376158 3376158
-3 81712 0 40856 0 0 1930 0 0 331
+3 40856 40856

fl=(298)
fn=(2528)
206 2560 0 1536
fi=(280) /usr/include/c++/13/bits/stl_vector.h
993 256
fe=(298)
206 2304 1024 256
fi=(280)
993 768 512 256
fe=(298)
206 512 256 256
fi=(280)
993 768
fe=(298)
206 256 0 256
fi=(280)
992 1024 0 768
cob=(4)
cfi=(178)
cfn=(2530)
calls=256 0 
* 38400 10752 9472 0 0 256 0 0 0 4608 1084 256
* 1280 512 256 0 0 0 0 0 0 256
cob=(4)
cfi=(178)
cfn=(2616)
calls=256 0 
* 10496 4096 2304 0 768 512 0 0 0 1536 362 256
fe=(298)
206 39680 26880 12288 0 8465 0 0 0 0 256 43
cob=(4)
cfi=(178)
cfn=(2610)
calls=12288 0 
* 330240 110592 36352 0 44428 0 0 0 0 49152 4691 12288 2
* 98304 24576 0 0 0 0 0 0 0 24576 5426
+2 36864 24576 0 0 16462 0 0 0 0 12288 2269
fi=(280)
993 30057 20038 0 0 8220
fe=(298)
214 10019 10019
fi=(280)
993 30057
fi=(268) /usr/include/c++/13/bits/stl_algobase.h
262 20038 0 0 0 0 0 0 0 0 10019
fe=(298)
-46 10019 10019
-2 20038 0 0 0 0 0 0 0 0 10019
+5 10019 10019 0 0 8049
fi=(280)
1129 10019
fe=(298)
218 10019 10019
+1 20038
fi=(280)
1129 10019
fe=(298)
219 10019
-1 30057 10019
fi=(300) /home/max/projects/corintho-ai/bench/../corintho_ai/cpp/src/selfplayer.cpp
-95 50095 10019 10019 0 9753
cfi=(301) /home/max/projects/corintho-ai/bench/../corintho_ai/cpp/src/trainmc.cpp
cfn=(2556) TrainMC::doIteration(float*, float*)
calls=10019 +21 
* 905069890 180261903 58292894 1 4695210 1793492 1 135381 55445 89431949 6076644 54146 254
+2 20038 0 0 0 0 0 0 0 0 10019
+1 212 0 106
cfn=(2776) SelfPlayer::chooseMoveAndContinue()
calls=106 253 
* 13321964 3667035 1857088 2 422189 299448 2 182262 116047 1921609 185717 573 6
fe=(298)
+95 212 0 0 0 0 0 0 0 0 106
+1 6 2 2 0 2 2

fl=(263)
fn=(2022)
cob=(2)
cfi=(264) ./csu/../csu/libc-start.c
cfn=(2024) __libc_start_main@@GLIBC_2.34
calls=0 242 
0 919246547 184212868 60224109 3 5213546 2093710 3 317643 171492 91476393 6276236 67519 262

fl=(300)
fn=(2780) SelfPlayer::chooseMove() [clone .part.0]
241 1332 111 777
+5 777 111 111 0 0 108
cfi=(301)
cfn=(2782) TrainMC::chooseMove(float*, float*)
calls=111 116 
* 4170912 1407287 826765 1 214167 157183 1 61091 40843 743191 77764
fi=(282)
114 222 222 0 0 94
fe=(300)
246 111
fi=(282)
114 444 222 0 0 190 0 0 0 0 111 15
+5 3552 1665 1776 0 660 833
fi=(326) /home/max/projects/corintho-ai/bench/../corintho_ai/cpp/include/selfplayer.h
-97 5661 2775 2886 0 92 1473 0 0 1160
fi=(282)
+97 222 0 111
fe=(300)
251 1332 999 0 0 94 0 0 0 0 111 74

fn=(2776)
253 1272 106 742
+5 106
fi=(277)
-59 106 106 0 0 53 0 0 22
fe=(300)
+60 212 0 0 0 0 0 0 0 0 106
fi=(277)
-60 5 5 0 0 2
fe=(300)
+60 10 0 0 0 0 0 0 0 0 5 1
+4 801 341 0 0 1 0 0 0 0 119 4
fi=(280)
993 8 4
fe=(300)
264 4 0 2
-22 222 111 0 0 28 0 0 11 0 111
fi=(277)
-43 111 111 0 0 24
fe=(300)
+68 222 0 0 0 0 0 0 0 0 111 1
+4 666 333 0 0 116
fi=(308)
108 111
fe=(300)
271 222 0 0 0 0 0 0 0 0 111 2
+5 327 0 109
+2 763 109 0 0 105 0 0 11 0 109
+8 218 218 0 0 109 0 0 36
fi=(301)
-97 218 0 0 0 0 0 0 0 0 109
-2 109
+1 218
+7 321 321 0 0 159 0 0 89
-6 1284 0 0 0 0 0 0 0 0 321
fi=(308)
81 321 321 0 0 321 0 0 162
fi=(301)
190 642 0 0 0 0 0 0 0 0 321 80
fi=(308)
81 109 109 0 0 109 0 0 35
fi=(301)
190 218 0 0 0 0 0 0 0 0 109 70
506 218 0 0 0 0 0 0 0 0 109 1
+4 70 70
+1 70 70 0 0 37 0 0 22
fi=(308)
133 140 0 70
284 210 0 70
fi=(301)
517 210 0 140 0 0 65
cfi=(308)
cfn=(2790)
calls=70 23 
* 2681209 916855 543462 0 140796 101908 0 84185 56669 477519 51781
fi=(308)
133 39
284 117 0 39
fi=(301)
517 117 0 78 0 0 29
cfi=(308)
cfn=(2790)
calls=39 23 
* 752072 257247 152205 0 39584 28549 0 24825 16662 134055 13481
fi=(304)
68 327 218 0 0 91 0 0 0 0 109
-6 218 109 109 0 0 96 0 0 23
fi=(301)
518 109
fi=(304)
63 109 0 109
fi=(301)
518 109
+2 109 0 109 0 0 95 0 0 11
fe=(300)
294 218
fi=(301)
518 109 0 109 0 0 21
fe=(300)
294 545 109 109 0 93
cfi=(301)
cfn=(2556)
calls=109 144 
* 5688926 1075361 326798 0 24966 9062 0 11760 678 564440 42424 567 4
-36 218 0 0 0 0 0 0 0 0 109 1
+39 104
+1 1166 954 0 1 207 0 1 0 0 106 1
fi=(325) /home/max/projects/corintho-ai/bench/../corintho_ai/cpp/src/move.cpp
21 222 0 111
cfi=(300)
cfn=(2780)
calls=111 241 
* 4184565 1413392 832426 1 215297 159597 1 61091 42003 743413 77853
* 222
fi=(301)
508 39 39 0 0 17 0 0 4
fi=(308)
137 39 0 39
+1 39
fe=(300)
+78 2
fi=(277)
-17 2 2
fe=(300)
+17 2 0 0 0 0 0 0 0 0 2
+3 4
+6 2
-6 2
+3 2 0 2
+3 2 0 0 0 0 0 0 0 0 2
fi=(301)
89 10 2 2 0 0 0 0 0 0 2
cfi=(308)
cfn=(2790)
calls=2 -66 
* 125 44 24 0 2 1 0 0 0 22 5
fi=(304)
-21 4 2 0 0 0 0 0 0 0 2
-6 4 2 2 0 0 1
+1 2 0 2
fi=(301)
+26 2 2
+1 4 0 2
-1 8 0 2 0 0 0 0 0 0 2
cfi=(308)
cfn=(2790)
calls=2 -66 
* 714 254 144 0 38 23 0 5 1 127 6
fi=(304)
-21 4 2 0 0 0 0 0 0 0 2
-6 4 2 2 0 0 1
+1 2 0 2
fi=(277)
208 2 2
fi=(301)
90 2
fi=(277)
209 2 0 2
fi=(301)
90 2 0 2
fi=(277)
210 4 0 0 0 0 0 0 0 0 2
-70 2 0 2
cob=(4)
cfi=(178)
cfn=(2822)
calls=2 0 
* 346 100 60 0 34 0 0 4 0 52 6 6 2
+68 2 2
+1 2 0 2
+1 4 0 0 0 0 0 0 0 0 2
fe=(300)
+63 4

fl=(309)
fn=(2592)
340 167178
fi=(308)
+28 167178 0 167178
fe=(309)
-26 167178
fi=(308)
+26 1504602 0 1003068 0 0 9
fi=(267) /usr/include/c++/13/bitset
506 501534 167178 167178 0 0 3
fe=(309)
341 167178
fi=(267)
506 167178 167178
fe=(309)
340 167178
+21 167178
-21 167178
+21 167178
-20 167178
-1 167178
+1 501534
+1 501534
+1 167178
-1 167178
+1 501534
+17 334356
-17 167178
-3 167178
+1 668712
+1 668712
+1 501534
-2 334356
+2 167178
-2 334356
+1 668712
+1 501534
+1 167178
+21 167178
-21 167178
-1 167178
-3 167178
+4 1671780 0 334356
-3 501534
+28 167178
-1 167178 0 167178 0 0 291
-27 668712 0 167178
+29 334356 0 167178
-28 1003068 0 334356
+1 668712
+1 501534
+22 334356
-22 167178
+26 167178
-4 501534 0 167178
+4 835890 0 167178
59 167178
+2 167178 167178
+1 334356 0 0 0 0 0 0 0 0 167178 5758
-1 334356 334356
+1 668712 0 0 0 0 0 0 0 0 334356 674
-2 1838958 334356 0 0 0 0 0 0 0 501534 23199
+55 501534 334356
+3 1003068 167178
+1 167178
-1 334356 0 167178
+3 167178 167178
-13 334356 167178
+9 167178
-1 334356 167178
+1 167178
-1 167178
-1 167178
+2 167178
+4 167178 167178
-4 167178 0 167178
-2 167178 0 167178
+6 668712 167178 0 0 0 0 0 0 0 167178 64671
+1 76465 0 76465
-1 835890 334356 0 0 0 0 0 0 0 167178 21878
+1 20232 0 20232
-1 835890 334356 0 0 0 0 0 0 0 167178 4528
+1 1662 0 1662
+7 1662
+3 1662
-1 1662
+4 1662
-3 1662
-3 1662
+2 1662
+1 1662
+3 1662
+7 1662 1662
-13 1662
+12 1662 1662
+11 1662
+1 1662
-11 1662
+10 1662
+1 1662
-12 1662
+8 1662
+4 1662
-12 1662
+9 1662
-1 1662
+1 1662
-1 1662
+1 1662
-1 1662
+2 1662
+4 1662
-4 1662
+4 1662
-4 1662
+3 1662
+2 1662
-2 1662
+2 1662
-5 1662
+3 1662
+6 1662
-7 1662
-13 1662 1662
+20 1662
-1 1662
-19 1662
+19 1662
+1 1662
+4 1662
-4 3324 0 1662
+4 1662 0 0 0 0 0 0 0 0 1662 576
-35 165516
+3 165516
-1 165516
+4 165516
-3 165516
-3 165516
+2 165516
+1 165516
+3 165516
+7 165516 165516
-13 165516
+12 165516 165516
+11 165516
+1 165516
-11 165516
+10 165516
+1 165516
-12 165516
+8 165516
+4 165516
-12 165516
+9 165516
-1 165516
+1 165516
-1 165516
+1 165516
-1 165516
+2 165516
+4 165516
-4 165516
+4 165516
-4 165516
+3 165516
+2 165516
-2 165516
+2 165516
-5 165516
+3 165516
+6 165516
-7 165516
-13 165516 165516
+20 165516
-1 165516
-19 165516
+19 165516
+1 165516
+4 165516
-4 331032 0 165516
+4 165516 0 0 0 0 0 0 0 0 165516 49929
+3 99188
-2 99188
+2 347158
-3 99188 0 0 0 0 0 0 0 0 49594 11583
+1 20880
+2 73080
-3 70474 0 49594 0 0 0 0 0 0 10440 2635
+6 334356 0 0 0 0 0 0 0 0 167178 48018
+3 128220 42740
-2 85480
+2 299180
-3 85480 0 0 0 0 0 0 0 0 42740 13148
+1 8566
+2 29981
-3 8566 0 0 0 0 0 0 0 0 4283 531
41 194856 0 42740 0 0 0 0 0 0 42740 11596
fi=(265) /home/max/projects/corintho-ai/bench/../corintho_ai/cpp/include/util.h
+89 33318 0 33318
-11 66636
fi=(324) /home/max/projects/corintho-ai/bench/../corintho_ai/cpp/include/game.h
-31 33318
fi=(265)
+42 33318
-12 133272 0 66636
+12 66636
fe=(309)
+55 33318 33318
-1 33318 33318
+1 166590
fi=(265)
-23 66636
fe=(309)
+23 66636 66636 0 0 23721
fi=(265)
-23 33318 33318 0 0 20617
+1 66636 0 0 0 0 0 0 0 0 33318 6768
fe=(309)
+22 16127 16127
-1 16127 16127
+1 80635
fi=(265)
-23 32254
fe=(309)
+23 32254 32254 0 0 10036
fi=(265)
-23 16127 16127 0 0 2848
+1 141040 0 72524 0 0 0 0 0 0 16127 6718
+1 36262
fi=(324)
-75 36262
fi=(265)
+75 36262
fe=(309)
+27 36262 36262 0 0 8377
fi=(324)
88 36262
+1 72524 0 0 0 0 0 0 0 0 36262 15103
fi=(265)
+75 53093
fi=(324)
-75 53093
fi=(265)
+75 53093
fe=(309)
+27 53093 53093 0 0 6851
fi=(324)
88 53093
+1 106186 0 0 0 0 0 0 0 0 53093 19036
+1 176877 0 0 0 0 0 0 0 0 58959 18542
+1 169928 42482
fi=(265)
+39 169928
+33 84964 0 0 0 0 0 0 0 0 42482 7651
-33 187492
+33 166270 72524 0 0 0 0 0 0 0 46873 10242
+4 72524 36262
+1 72524 0 0 0 0 0 0 0 0 36262 3963
-1 26366 13183
+1 26366 0 0 0 0 0 0 0 0 13183 536
-23 49445 0 49445
+1 49445
fe=(309)
+36 148335 49445 0 0 0 0 0 0 0 49445 16672
fi=(265)
-37 66636 66636
-3 33318
+3 66636 33318 33318
+1 33318
fi=(323)
-45 33318 33318
fi=(265)
+41 99954
fi=(308)
377 33318
fi=(323)
101 33318 0 33318
fi=(308)
373 48698 7690 7690 0 0 0 0 0 0 33318 7917
+20 1838958 1504602 0 0 0 0 0 0 0 167178 883
fe=(309)
71 2973426
+2 495571
-2 2973426
+2 495571
-2 991142
+1 495571
+1 495571
-2 495571
+1 495571
-1 495571
+2 495571
-2 991142
+1 495571
+2 495571
-3 991142
+1 495571
+1 495571
-1 495571
-1 495571
+1 495571
-1 495571
+3 495571
-2 495571
+1 495571
-1 495571
+1 495571
+1 495571
-2 495571
+1 1486713
-1 495571
+1 991142
-1 495571
+1 991142
-1 495571 0 495571
+4 495571
-3 2477855 0 495571 0 0 14
+3 628843 0 0 0 0 0 0 0 0 495571 37097
+3 33318 33318
+1 66636 0 0 0 0 0 0 0 0 33318 11993
-1 99954 99954
+1 199908 0 0 0 0 0 0 0 0 99954 22704
+3 137228
-2 68614
+1 34307
+1 68614 34307 0 0 12532
+1 68614 0 0 0 0 0 0 0 0 34307
-3 15138
+1 7569
+1 15138 7569
+1 15138 0 0 0 0 0 0 0 0 7569
+1 83752
+2 41876
-2 83752 0 41876
-5 118059 0 0 0 0 0 0 0 0 41876 8975
+10 34307 34307
+1 68614 0 0 0 0 0 0 0 0 34307 1
-1 98965 98965
+1 197930 0 0 0 0 0 0 0 0 98965 5
+3 30276
-2 15138
+1 7569
+1 15138 7569
+1 15138 0 0 0 0 0 0 0 0 7569
+1 15138
+2 7569
-2 15138 0 7569
-5 22707 0 0 0 0 0 0 0 0 7569
-13 433134 0 0 0 0 0 0 0 0 133272 35567
fi=(323)
+23 32911 32911
fi=(265)
+41 164555 32911
fi=(323)
-41 32911 0 32911
fi=(304)
-33 318976 159488 0 0 0 0 0 0 0 159488 4
-24 478464 159488 0 0 0 0 0 0 0 159488 2078
+2 318976 159488 159488 0 152870 0 0 3071
fi=(265)
163 159488 159488
fi=(308)
385 159488 159488
fi=(320)
169 318976 0 318976 0 0 152945 0 0 5556
fi=(265)
-6 159488
fi=(308)
385 159488 0 159488
fi=(265)
163 159488 0 0 0 0 0 0 0 0 159488 36305
fi=(308)
386 252834
+4 252834
+1 126417
-1 505668 126417
fi=(265)
163 126417
fi=(308)
390 126417 0 126417
fi=(265)
163 126417 0 0 0 0 0 0 0 0 126417 31958
fi=(308)
390 1146486
+1 573243
-1 2292972 573243 0 0 8157 0 0 6089
fi=(265)
163 573243
fi=(308)
390 573243 0 573243
fi=(265)
163 573243 0 0 0 0 0 0 0 0 573243 102738
-1 126417 126417
fi=(308)
386 252834
+4 126417
+1 126417
-1 126417 0 126417
fi=(265)
163 252834 0 0 0 0 0 0 0 0 126417
fi=(308)
390 573243
+1 573243
-1 573243 0 573243
fi=(265)
163 1399320 126417 0 0 0 0 0 0 0 573243 70029
+5 252834
-1 126417
+1 192559 0 0 0 0 0 0 0 0 126417 5838
-1 33071
+1 187433 0 0 0 0 0 0 0 0 33071
fi=(308)
390 154362
fi=(265)
169 154362
fi=(308)
391 154362
-1 154362 154362 0 0 7949 0 0 5924
fi=(265)
169 308724
fi=(308)
390 463086
fi=(265)
168 154362
fi=(308)
390 154362 0 154362
fi=(265)
168 154362 0 0 0 0 0 0 0 0 154362 9571
fi=(308)
390 2200986
fi=(265)
169 2200986
fi=(308)
391 2200986
-1 2200986 2200986 0 0 50280 0 0 37672
fi=(265)
169 4401972
fi=(308)
390 6602958
fi=(265)
168 2200986
fi=(308)
390 2200986 0 2200986
fi=(265)
168 2355348 0 0 0 0 0 0 0 0 2200986 150059
fi=(308)
390 154362
+1 154362
-1 154362 0 154362
fi=(265)
168 308724 0 0 0 0 0 0 0 0 154362 615
fi=(308)
390 2200986
+1 2200986
-1 2200986 0 2200986
fi=(265)
168 4556334 0 0 0 0 0 0 0 0 2200986 163292
fe=(309)
41 248876 0 0 0 0 0 0 0 0 124438 17267
fi=(265)
142 100949
fi=(323)
-41 100949 100949
fi=(265)
+41 403796 100949
fi=(323)
-41 100949 0 100949
fi=(308)
373 100949 0 0 0 0 0 0 0 0 100949 15
+8 10
+5 66142
fe=(309)

fl=(301)
fn=(2556)
144 141792 10128 91152 0 0 102
-75 10128 10128 0 0 9897
+75 40512 10128 20256 0 93
+4 20256 0 0 0 0 0 0 0 0 10128 80
+15 30384 10128 0 0 2255 0 0 0 0 10128 30
fi=(280)
993 20256 20256 0 0 4031 0 0 12
fe=(301)
172 30275 10019 0 0 0 0 0 0 0 10128
299 20038 0 10019
-70 30057 20038 10019 0 258
+71 10019 10019
+1 10019
+19 10019 0 10019
-20 20038 10019 10019 0 9848
+1 100190 10019 10019 0 10017 0 0 0 0 10019
-1 149501 149501
+1 149501
+19 149501 0 149501
-20 299002 149501 149501 0 16121
+1 2452130 149501 309021 0 149470 31 0 0 0 309021 38
fi=(308)
85 159520 159520
fe=(301)
301 319040
+1 478560 159520
-78 478560 159520 0 0 39115 0 0 0 0 159520
-1 159520 159520
+1 159520
-1 319040
fi=(308)
98 319040 159520 0 0 159447
fe=(301)
225 638080 159520 159520 0 124837 29
-1 159520
+2 159520
-2 319040 0 0 0 0 0 0 0 0 159520 9550
fi=(308)
98 5797144 2898572 0 0 82357
fe=(301)
225 11594288 2898572 2898572 0 482165
-1 2898572
+2 2898572
-2 5797144 0 0 0 0 0 0 0 0 2898572 152043
+5 1754720 319040 159520
+1 293312 0 0 0 0 0 0 0 0 159520 3832
+1 668960 133792 133792
-1 133792 0 0 0 0 0 0 0 0 133792 8025
+1 378033 126011 126011
-1 126011 0 0 0 0 0 0 0 0 126011 47428
+1 183477 61159 61159
-1 61159 0 0 0 0 0 0 0 0 61159 1325
+1 3651 1217 1217
-1 1480325 133792 0 0 0 0 0 0 0 285423 60501
+1 174234 58078 58078
-1 290390 0 0 0 0 0 0 0 0 58078 23800
+1 615400 123080 123080
-1 369240 0 0 0 0 0 0 0 0 123080 33264
+1 82937
-1 82937
+1 82937 82937
-1 82937
+1 82937 0 82937
-1 82937 0 0 0 0 0 0 0 0 82937 31834
+1 126993 42331 42331
+73 3509440 159520 478560 0 2869 22 0 0 0 319040 2339
-51 159520
-14 319040 0 159520
+1 478560 0 159520
-1 638080
+1 638080
+1 478560
+15 159520
fi=(268)
-18 319040
fe=(301)
+19 319040 0 0 0 0 0 0 0 0 159520
-18 1707816
+1 1707816
+1 1280862
+15 426954
fi=(268)
-18 853908
fe=(301)
+19 3786278 0 0 0 0 0 0 0 0 426954
+1 586474
-1 586474
+2 586474
-1 1759422 586474 586474 0 82117 68
-1 586474
+3 586474
-3 586474 0 0 0 0 0 0 0 0 586474 29006
+1 2471618
-1 2471618
+2 2471618
-1 7414854 2471618 2471618 0 333931 6
-1 2471618
+3 2471618
-3 2471618 0 0 0 0 0 0 0 0 2471618 101770
-3 3786278 0 0 0 0 0 0 0 0 586474 24256
+9 1754720 797600 159520
+1 293312 0 0 0 0 0 0 0 0 159520 5941
+1 668960 133792 133792
-1 133792 0 0 0 0 0 0 0 0 133792 8717
+1 378033 126011 126011
-1 126011 0 0 0 0 0 0 0 0 126011 49168
+1 183477 61159 61159
-1 61159 0 0 0 0 0 0 0 0 61159 1369
+1 3651 1217 1217
-1 1480325 133792 0 0 0 0 0 0 0 285423 50428
+1 174234 58078 58078
-1 290390 0 0 0 0 0 0 0 0 58078 25149
+1 615400 123080 123080
-1 369240 0 0 0 0 0 0 0 0 123080 32404
+1 82937
-1 82937
+1 82937 82937
-1 82937
+1 82937 0 82937
-1 82937 0 0 0 0 0 0 0 0 82937 30956
+1 126993 42331 42331
+4 42331 42331
+3 42331
+22 42331
-22 296317 0 0 0 0 0 0 0 0 42331
-3 117189 117189
+3 117189
+22 117189
-22 1617923 0 159520 0 0 50 0 0 0 276709 4358
+2 159520
-2 159520
+2 319040 0 0 0 0 0 0 0 0 159520 84
-1 159520
+2 478560 319040 159520 0 0 736
-1 159520
+2 159520
-2 319040 0 0 0 0 0 0 0 0 159520
+1 8695716 5797144 2898572 0 0 30
-1 2898572
+2 2898572
-2 5797144 0 0 0 0 0 0 0 0 2898572 153511
+5 478560 319040
+1 319040 159520
-1 159520
+2 159520
+8 319040 159520
fi=(268)
-27 159520
fi=(308)
-95 159520
fe=(301)
289 159520
fi=(268)
-27 319040
fi=(308)
-95 159520 159520
fe=(301)
281 159520
fi=(308)
167 319040
fe=(301)
291 159520
fi=(308)
167 319040
fe=(301)
281 159520
fi=(308)
167 159520 0 159520
fe=(301)
281 159520 0 0 0 0 0 0 0 0 159520 2202
+8 5797144 2898572
fi=(268)
-27 2898572
fi=(308)
-95 2898572
fe=(301)
289 2898572
fi=(268)
-27 5797144
fi=(308)
-95 2898572 2898572
fe=(301)
281 2898572
fi=(308)
167 5797144
fe=(301)
291 2898572
fi=(308)
167 5797144
fe=(301)
281 2898572
fi=(308)
167 2898572 0 2898572
fe=(301)
281 2898572 0 0 0 0 0 0 0 0 2898572 137800
+12 638080 159520
fi=(308)
147 159520 0 159520
fe=(301)
310 159520 159520
-1 478560 319040
+1 159520 159520 0 0 37384
-1 159520 159520 0 0 15254
+1 159520 0 0 0 0 0 0 0 0 159520 44
+2 815662
fi=(308)
202 1631324 815662 815662 0 83505
+1 815662 0 815662
cfn=(2730)
calls=815662 +66 
* 18767882 8154706 2446986 0 685481 725742 0 0 0 1635152 3064
fe=(301)
314 815662 815662
fi=(308)
161 815662 0 815662
+1 815662 0 815662
cfn=(2730)
calls=815662 269 
* 18767882 8154706 2446986 0 0 0 0 0 0 1635152 6662
fe=(301)
315 3262648 815662
+1 1631324 815662 815662
-6 1631324 815662 0 0 79340 0 0 0 0 815662 164801
+9 159520 159520
fi=(308)
202 319040 159520 159520 0 2131
+1 159520 0 159520
cfn=(2730)
calls=159520 +66 
* 638080 319040 0 0 0 0 0 0 0 159520
fi=(280)
993 478560 478560
fe=(301)
299 159520 0 159520
fi=(280)
993 159520
fe=(301)
299 159520 159520
fi=(280)
993 159520
fe=(301)
299 319040 0 0 0 0 0 0 0 0 159520 10041
+22 10019 10019
fi=(308)
161 10019 0 10019
+1 10019 0 10019
cfn=(2730)
calls=10019 269 
* 40076 20038 0 0 0 0 0 0 0 10019 90
fi=(280)
1606 10019 10019
1935 30057 10019 0 0 0 0 0 0 0 10019
+4 10019 0 10019
fe=(301)
181 20038 10019
-6 10019 10019
+6 10019 10019
-6 10019
+6 10019
-6 10128 109 0 0 0 0 0 0 0 10019
+6 109 109
-6 109
+6 109
-6 109 0 0 0 0 0 0 0 0 109
-1 10128
+1 10128
-1 20153 0 0 0 0 0 0 0 0 10128 107
+1 1004648 502324 0 0 2 0 0 0 0 334879 12
662 167434
-1 167434 0 167434
+1 167434 0 167434
+1 167434 167434
fi=(308)
108 167434
fe=(301)
663 669736 167434 167434 0 99 0 0 0 0 167434
-36 334868 167434 0 0 1404
-39 9522810 2597130 0 0 49521 0 0 4340 0 865710
fi=(308)
212 865710
fe=(301)
588 865710
fi=(308)
212 3462840 865710 0 0 210956 0 0 16539 0 1731420 55426
+5 811569 811569
+3 811569 811569
-3 811569
+1 1623138
+1 811569
fe=(301)
594 1623138 0 0 0 0 0 0 0 0 811569
+19 4057845 811569 0 0 0 0 0 0 0 811569
+5 38361339 12787113 0 0 171963 0 0 7552 0 12787113 1420803
fi=(308)
104 56888580 11377716 0 0 353590 0 0 7968
fe=(301)
622 11377716
fi=(308)
104 34133148 11377716
fe=(301)
623 11377716
-1 11377716 0 0 0 0 0 0 0 0 11377716 6
+4 11377711
+1 11377711
-1 45510844 34133133 0 0 234672 0 0 7263
+1 22755422
-1 22755422
+3 11377711
+1 22755422
-17 34133133 0 0 0 0 0 0 0 0 11377711 786354
+16 5
+1 10
-17 4228206 0 0 0 0 0 0 0 0 1409402 68412
fi=(308)
85 811569 811569
fe=(301)
636 1623138 0 0 0 0 0 0 0 0 811569 295814
+13 1397064 0 0 0 0 0 0 0 0 698532 54
fi=(308)
192 512 0 256
+1 256 0 256
cfn=(2730)
calls=256 +76 
* 5918 2560 768 0 1 0 0 0 0 522 13
fe=(301)
680 256 256
fi=(308)
202 768 512 256
+1 256 0 256
cfn=(2730)
calls=256 +66 
* 5918 2560 768 0 0 0 0 0 0 522 30
fe=(301)
685 256 256
fi=(308)
161 256 0 256
+1 256 0 256
cfn=(2730)
calls=256 269 
* 5918 2560 768 0 0 0 0 0 0 522 8
fe=(301)
688 768 512 0 0 0 0 0 0 0 256
fi=(308)
197 1379 0 1379
+1 1379 0 1379
cfn=(2730)
calls=1379 +71 
* 31747 13790 4137 0 0 0 0 0 0 2768 210
fe=(301)
690 1379 1379
fi=(308)
207 4137 2758 1379
+1 1379 0 1379
cfn=(2730)
calls=1379 +61 
* 31747 13790 4137 0 0 0 0 0 0 2768 21
fe=(301)
691 4137 2758 1379
-3 2758 1379 0 0 0 0 0 0 0 1379 267
fi=(308)
197 256 0 256
+1 256 0 256
cfn=(2730)
calls=256 +71 
* 1024 512 0 0 0 0 0 0 0 256
fe=(301)
695 256 256
fi=(308)
207 768 512 256
+1 256 0 256
cfn=(2730)
calls=256 +61 
* 1024 512 0 0 0 0 0 0 0 256 206
fe=(301)
696 256 256
fi=(280)
993 256 256
fe=(301)
696 512 0 256
fi=(280)
993 1024 256
fe=(301)
175 512 256 0 0 0 0 0 0 0 256
fi=(280)
993 668712 167178
fe=(301)
175 491873 324695 0 0 0 0 0 0 0 167178 9917
-1 157517
+1 157517
-1 157517 0 0 0 0 0 0 0 0 157517 99
+7 1051 0 0 0 0 0 0 0 0 200
+2 131664 101280 0 0 7783 0 0 0 0 10128
fi=(308)
+9 698276
fe=(301)
654 698276 698276 0 0 180499 0 0 3144
fi=(308)
192 698276 0 698276
+1 698276 0 698276
cfn=(2730)
calls=698276 +76 
* 12884631 5645616 1593399 0 22323 0 0 905 0 1229409 148771
fe=(301)
680 698276 698276
fi=(308)
202 2094828 1396552 698276
+1 698276 0 698276
cfn=(2730)
calls=698276 +66 
* 12884631 5645616 1593399 0 0 0 0 0 0 1229409 1361
fe=(301)
716 698276 0 698276
-53 698276 698276 0 0 197206 0 0 13563
fi=(308)
108 698276
fe=(301)
663 1396552 0 0 0 0 0 0 0 0 698276
-9 1396552
fi=(308)
177 54141 54141 0 0 43475 0 0 7363
-1 54141 54141
+3 108282 54141
-2 54141
-1 54141
+1 108282
+4 157679 0 0 0 0 0 0 0 0 54141 5328
-4 345779 49397
-1 98794 49397
+1 49397
+6 98794 0 0 0 0 0 0 0 0 49397 23872
-6 4149140 829828 0 0 17671 0 0 5086
-1 1659656 829828
+1 829828
+6 1659656 0 0 0 0 0 0 0 0 829828 81741
+1 92491
+1 92491
-4 2637675 0 0 0 0 0 0 0 0 879225 50814
fi=(319) /usr/include/c++/13/bits/move.h
+16 54141 54141
+1 162423 54141 108282 0 0 2
+1 54141 0 54141
fi=(308)
85 54141 54141
fe=(301)
636 108282 54141 0 0 0 0 0 0 0 54141
fi=(308)
104 378987 162423
fe=(301)
637 54141
+1 108282 54141 0 0 0 0 0 0 0 54141 1175
fi=(308)
98 54141 54141
fe=(301)
644 54141
fi=(308)
98 162423 0 54141
fe=(301)
641 221308 54141 0 0 0 0 0 0 0 54141 30
fi=(308)
192 9488 0 4744
+1 4744 0 4744
cfn=(2730)
calls=4744 +76 
* 109112 47440 14232 0 734 0 0 44 0 9488
-1 324868 0 162434
+1 162434 0 162434
cfn=(2730)
calls=162434 +76 
* 3730453 1622012 486429 0 22520 0 0 1957 0 324577 2370
fe=(301)
680 167178 167178
fi=(308)
202 501534 334356 167178
+1 167178 0 167178
cfn=(2730)
calls=167178 +66 
* 3839565 1669452 500661 0 0 0 0 0 0 334065 4931
fe=(301)
700 167178
fi=(304)
68 167178 167178 0 0 1906
fe=(301)
700 167178 0 0 0 0 0 0 0 0 167178 5597
fi=(304)
68 339111 0 0 0 0 0 0 0 0 113037
-24 339111 113037 0 0 0 0 0 0 0 113037
+2 226074 113037 113037 0 104479 0 0 2314
fe=(301)
711 452148 339111 0 0 68153 0 0 4018
fi=(308)
89 113037 113037
fe=(301)
711 339111 0 113037
cfi=(308)
cfn=(2734)
calls=113037 38 
* 104773377 11365976 12380961 1 274374 238908 1 40318 39691 8327092 780757 54713 258
fi=(308)
133 113037 0 113037 0 0 2
fe=(301)
712 113037 0 113037 0 0 2
+1 113037 113037
fi=(308)
108 113037
fe=(301)
721 334356 0 0 0 0 0 0 0 0 167178 5765
fi=(308)
141 159488 159488 0 0 2
+1 159488
-1 159488 0 159488
+1 159488 0 159488
cfn=(2730)
calls=159488 269 
* 3668224 1594880 478464 0 0 0 0 0 0 318976 908
fe=(301)
743 159488 159488
fi=(321)
29 159488
fi=(280)
993 318976 318976 0 0 1
fi=(267)
506 159488 159488 0 0 2
fi=(280)
993 159488
fe=(301)
743 318976 159488 0 0 9
fi=(309)
278 318976
fi=(321)
29 956928 318976 159488 0 3863 49435
fi=(309)
278 318976
fi=(321)
29 478464 159488 159488 0 1418 39899
fi=(309)
278 318976
fi=(321)
29 478464 159488 159488 0 1735 39845
fi=(309)
278 318976
fi=(321)
29 478464 159488 159488 0 1157 39896
fi=(309)
278 318976
fi=(321)
29 478464 159488 159488 0 2078 39848
fi=(309)
278 318976
fi=(321)
29 478464 159488 159488 0 1382 39899
fi=(309)
278 318976
fi=(321)
29 478464 159488 159488 0 830 39845
fi=(309)
278 318976
fi=(321)
29 478464 159488 159488 0 983 39896
fi=(309)
278 318976
fi=(321)
29 478464 159488 159488 0 1185 39848
fi=(309)
278 318976
fi=(321)
29 478464 159488 159488 0 1253 39899
fi=(309)
278 318976
fi=(321)
29 478464 159488 159488 0 652 39845
fi=(309)
278 318976
fi=(321)
29 478464 159488 159488 0 557 39896
fi=(309)
278 318976
fi=(321)
29 478464 159488 159488 0 691 39848
fi=(309)
278 478464
fi=(321)
29 478464 0 159488 0 0 39899
fi=(309)
284 159488 159488 0 0 2
fi=(321)
29 637952 318976 318976 0 1357 79741
fi=(309)
284 4465664 318976
-1 159488 0 159488 0 0 19923
+1 2232832 159488
-1 159488 0 159488
+1 2232832 159488
-1 159488 0 159488 0 0 19925
+1 2392320 159488
-1 159488 0 159488
+1 2073344 159488
-1 159488 0 159488 0 0 19963
+1 159488 159488
fi=(280)
1283 318976 318976
fi=(309)
284 318976
-1 159488 0 159488
fi=(280)
1283 159488 0 0 0 0 0 0 0 0 159488
fi=(281) /usr/include/c++/13/bits/new_allocator.h
191 159488 159488
fi=(280)
1288 159488
fi=(281)
191 159488 0 159488 0 0 4064 0 0 104
fi=(280)
1288 159488 0 159488
fe=(301)
750 159488 159488
181 159488 159488
750 326666 7690 159488
181 7690 7690
750 15380 0 7690
fi=(308)
104 3318840 948240 0 0 4240 0 0 81
fe=(301)
637 474120
+1 948240 0 0 0 0 0 0 0 0 474120 116450
fi=(308)
98 226074 113037 113037
fe=(301)
641 113037
fi=(308)
98 226074
fe=(301)
641 113037
fi=(308)
98 113037 0 113037
fe=(301)
641 113037 0 0 0 0 0 0 0 0 113037 4941
+3 875810 275471 0 0 33329 0 0 1159 0 162434 53488
fi=(308)
176 157820
+5 157820 157820
-2 157820
-2 157820 157820 0 0 1687 0 0 69
-1 157820 157820
+1 157820
-1 157820
+1 315640
+4 473460 0 0 0 0 0 0 0 0 157820 3778
-4 1201200 150150 150150 0 1968 0 0 97
-1 300300 150150
+1 150150
+6 300300 0 0 0 0 0 0 0 0 150150 74836
-6 11045390 2209078 0 0 36755 0 0 3580
-1 4418156 2209078
+1 2209078
+6 4418156 0 0 0 0 0 0 0 0 2209078 250763
+1 295442
+1 295442
-4 7227834 150150 0 0 0 0 0 0 0 2359228 156380
fi=(319)
+16 150150 150150
+1 300300 150150 150150
+1 150150 0 150150
fi=(308)
-10 150150
fi=(319)
+8 7670 7670
+1 15340 7670 7670
+1 7670 0 7670
fi=(308)
-10 7670
fe=(301)
539 9266 9266
+4 27798 9266 0 0 0 0 0 0 0 9266
-1 35657 17125
+3 34250 0 0 0 0 0 0 0 0 17125 7138
fi=(308)
125 50580 10116 0 0 1727 0 0 80
fe=(301)
552 20232
+3 10116
-12 20232 0 0 0 0 0 0 0 0 10116 2707
fi=(308)
98 17125
-17 17125 17125 0 0 7991 0 0 517
+17 34250 17125 0 0 21 0 0 1
fe=(301)
545 34250 0 0 0 0 0 0 0 0 17125 6
727 46130 15380 0 0 0 0 0 0 0 15375 29
-1 7685 7685
fi=(308)
141 7685 0 7685
+1 7685 0 7685
cfn=(2730)
calls=7685 269 
* 207495 69165 23055 0 0 0 0 0 0 30740 3964
-1 5 0 5
+1 5 0 5
cfn=(2730)
calls=5 269 
* 130 50 15 0 0 0 0 0 0 15 1
fe=(301)
731 38450 15380 0 0 0 0 0 0 0 7690
+3 7690 7690
fi=(308)
202 7690 7690
fe=(301)
732 7690 0 7690
fi=(308)
202 7690 0 7690
+1 7690 0 7690
cfn=(2730)
calls=7690 +66 
* 207628 69215 23070 0 0 0 0 0 0 30756 7460
fe=(301)
734 40979 40979
fi=(308)
202 40979 40979
fe=(301)
732 40979 0 40979
fi=(308)
202 40979 0 40979
+1 40979 0 40979
cfn=(2730)
calls=40979 +66 
* 808995 345126 99867 0 0 0 0 0 0 80560 18642
fe=(301)
735 243345 146007
-4 97338 0 0 0 0 0 0 0 0 48669 8
fi=(280)
993 15380 7690
fe=(301)
532 23070 7690 0 0 0 0 0 0 0 7690
fi=(308)
121 92620 18524
fe=(301)
534 37048 0 0 0 0 0 0 0 0 18524 5
fi=(308)
156 9258 0 9258
+1 18516 0 9258
cfn=(2730)
calls=9258 269 
* 249920 83308 27768 0 0 0 0 0 0 37026 57
fe=(301)
532 43344 21672 0 0 0 0 0 0 0 10838
728 10
fi=(308)
85 2257 2257
fe=(301)
558 4514 0 0 0 0 0 0 0 0 2257 1270
+4 3160 0 0 0 0 0 0 0 0 1580 5
fi=(308)
156 5 0 5
+1 10 0 5
cfn=(2730)
calls=5 269 
* 145 50 15 0 0 0 0 0 0 20 10
+1 5
fi=(304)
-90 54141
fe=(301)
701 54141 54141
fi=(304)
68 108282 0 0 0 0 0 0 0 0 54141
-24 162423 54141 0 0 0 0 0 0 0 54141
+2 108282 54141 54141 0 50142 0 0 1117
+1 54141
fi=(308)
156 1575 0 1575
+1 3150 0 1575
cfn=(2730)
calls=1575 269 
* 42479 14161 4719 0 0 0 0 0 0 6294 1091
+1 1575
fe=(301)
703 162423 108282
fi=(308)
89 54141 54141
fe=(301)
703 216564 54141 54141
cfi=(308)
cfn=(2734)
calls=54141 38 
* 48221580 5383760 5461203 0 187814 125410 0 18054 16328 3818570 448944
fi=(308)
137 108282 54141 54141
fe=(301)
704 108282 54141 54141
+1 54141 54141
fi=(308)
108 54141
fe=(301)
705 54141
fi=(280)
993 9911 9911
fe=(301)
181 29755 9922 0 0 1 0 0 0 0 9922
-22 19822
+70 25728
+1 51456
+33 25728
+1 51456
163 218 109 0 0 90 0 0 0 0 109
+18 39662 9917 0 0 0 0 0 0 0 9917 6

fn=(2782)
116 1443 111 666 0 0 107
+3 222 111 0 0 0 0 0 0 0 111 86
338 5
+1 38
+9 161 33 0 0 28 0 0 5 0 64 5
+6 28 28 0 0 9 0 0 3
-8 84 0 0 0 0 0 0 0 0 28
121 111 111
fi=(267)
506 111
fi=(321)
29 111
fi=(267)
506 111 111 0 0 37 0 0 14
fi=(309)
278 222
fi=(321)
29 666 222 111 0 17 107
fi=(309)
278 222
fi=(321)
29 333 111 111 0 1
fi=(309)
278 222
fi=(321)
29 333 111 111 0 9
fi=(309)
278 222
fi=(321)
29 333 111 111 0 3 107
fi=(309)
278 222
fi=(321)
29 333 111 111 0 8
fi=(309)
278 222
fi=(321)
29 333 111 111 0 2
fi=(309)
278 222
fi=(321)
29 333 111 111 0 4
fi=(309)
278 222
fi=(321)
29 333 111 111 0 3 108
fi=(309)
278 222
fi=(321)
29 333 111 111 0 2
fi=(309)
278 222
fi=(321)
29 333 111 111 0 3
fi=(309)
278 222
fi=(321)
29 333 111 111 0 1
fi=(309)
278 222
fi=(321)
29 333 111 111 0 1 107
fi=(309)
278 222
fi=(321)
29 333 111 111 0 1
fi=(309)
278 333
fi=(321)
29 666 222 222 0 2
fi=(309)
284 111 111 0 0 2
fi=(321)
29 111 0 111 0 0 108
fi=(309)
284 2997 222
-1 111 0 111
+1 1554 111
-1 111 0 111
+1 1554 111
-1 111 0 111
+1 1665 111
-1 111 0 111
+1 1332 111
-1 111 0 111
+1 444 111
fi=(321)
59 111
fi=(309)
283 111 0 111
fi=(321)
59 1332 0 1332 0 0 736
fe=(301)
+68 555 333 0 0 0 0 0 0 0 111 2
+5 836 0 0 0 0 0 0 0 0 418
+4 412 206 0 0 0 0 0 0 0 103
328 412 206 0 0 0 0 0 0 0 103
-1 103
-1 103
+2 8621 0 0 0 0 0 0 0 0 2805 196
fi=(308)
104 2805
fe=(301)
329 2805
fi=(308)
104 14025 2805 0 0 154
fe=(301)
329 5610 0 0 0 0 0 0 0 0 2805
fi=(308)
98 2805 2805
fe=(301)
330 2805
fi=(308)
98 5610
fe=(301)
375 6 0 0 0 0 0 0 0 0 3
-9 3
+3 3
-2 3
+1 3
-3 6
+17 1 1
-7 6 0 0 0 0 0 0 0 0 1
fi=(308)
73 3 3 0 0 1
fe=(301)
376 6 0 0 0 0 0 0 0 0 3 2
fi=(308)
73 3 3 0 0 2
fe=(301)
376 6 0 0 0 0 0 0 0 0 3
+3 10 5 0 0 2
-1 5
fi=(308)
81 5 5
fe=(301)
375 17 0 0 0 0 0 0 0 0 5 4
+9 6 0 0 0 0 0 0 0 0 3 1
+1 6 0 3
506 212 0 0 0 0 0 0 0 0 106 52
+4 64 64
fi=(308)
284 128 64
133 64 0 64
284 64 0 64
fe=(301)
517 192 0 64 0 0 64
cfi=(308)
cfn=(2790)
calls=64 23 
* 2932415 1002815 594166 0 152293 112370 0 42375 28852 522310 56123
* 126 0 42 0 0 42
cfi=(308)
cfn=(2790)
calls=42 23 
* 1046797 358071 211968 0 53849 40214 0 16272 10978 186480 18626
fi=(304)
68 212 106 0 0 0 0 0 0 0 106 32
-6 222 111 111 1 0 94 1
+1 111 0 111
fe=(301)
520 111 0 111 0 0 93
-2 333 0 111 0 0 24
142 1221 888 0 0 284 0 0 0 0 111
357 15 5 0 0 0 0 0 0 0 5 1
+1 5 0 5
506 10 0 0 0 0 0 0 0 0 5 1
+4 5 5
fi=(308)
284 10 5
133 5 0 5
284 5 0 5
fe=(301)
517 10 0 5 0 0 3
cfi=(308)
cfn=(2790)
calls=5 23 
* 75598 25877 15303 0 3902 2899 0 1451 1013 13475 1562
fi=(304)
68 10 5 0 0 0 0 0 0 0 5 2
fe=(301)
346 20 0 0 0 0 0 0 0 0 5
508 42 42
fi=(308)
284 42
137 42 0 42
284 42 0 42
fe=(301)
517 42
-50 206 0 0 0 0 0 0 0 0 103
-9 103
+1 103
+1 103
-4 103
+1 206
+25 2561 2561 0 0 1160 0 0 319
-15 10141 0 0 0 0 0 0 0 0 2561 106
+1 7683 2561 0 0 2387 0 0 652 0 2561 425
+2 10960 2192 0 0 0 0 0 0 0 4384 318
fi=(308)
73 2192 2192
fe=(301)
473 6394 0 0 0 0 0 0 0 0 4202 220
fi=(308)
81 182 182
fe=(301)
476 182
+2 182
-1 364
+7 206 0 0 0 0 0 0 0 0 103
+1 206 0 103
+2 206 0 0 0 0 0 0 0 0 103

ob=(2)
fl=(205) ./malloc/./malloc/morecore.c
fn=(718) __glibc_morecore
25 1
+1 2 1 0 0 0 0 0 0 0 1
-1 2 0 1
+4 1 0 1
cfi=(206) ./misc/./misc/sbrk.c
cfn=(720) sbrk
calls=1 +8 
* 42 11 7 0 4 2 0 3 0 7 1
+1 2 0 0 0 0 0 0 0 0 1
-3 1
+7 2 2

fl=(207) ./misc/../sysdeps/unix/sysv/linux/brk.c
fn=(722) brk
36 1
fi=(328) ./misc/../sysdeps/unix/sysv/linux/brk_call.h
-12 2
fe=(207)
+13 2 1 1
+1 2 0 0 0 0 0 0 0 0 1
+2 2 1 1 0 1 1
+1 2 1

fl=(243)
fn=(1900)
255 54705
+1 54705
+6 54705
+1 54705 0 0 0 0 0 0 0 0 54705 339
+2 10936 10936 0 0 4912 0 0 284
+1 10936
+1 10936 0 0 0 0 0 0 0 0 10936 259
+3 9005 9005 0 0 2
+1 9005 0 9005 0 0 5073 0 0 2387
+1 9005 0 9005 0 0 4117 0 0 1789
+3 18010 9005
+30 43769
+1 43769 0 0 0 0 0 0 0 0 43769
+2 22322
+1 22322 0 0 0 0 0 0 0 0 22322
+33 21447 21447 0 0 2976 0 0 112
+1 21447 21447
+1 21447 0 21447 0 0 7924 0 0 2894
+1 21447 0 21447 0 0 4959 0 0 3129
+2 21447 21447
+17 22322 22322
+1 22322 22322
+1 22322 0 22322 0 0 8597 0 0 2216
+1 22322 0 22322 0 0 2338 0 0 67
+1 22322 22322
+7 1931 1931 0 0 2
+1 1931 1931
+1 1931 0 1931 0 0 702 0 0 343
+1 1931 0 1931 0 0 1077 0 0 572
+1 1931 0 1931 0 0 1931 0 0 1043
+1 1931 0 1931
+1 3862 1931
+5 1931 1931 0 0 1742
+1 1931 0 0 0 0 0 0 0 0 1931 2
+5 1931
+1 1931 0 0 0 0 0 0 0 0 1931 259
+2 1931 1931 0 0 767 0 0 45
+1 1931
+1 1931 0 0 0 0 0 0 0 0 1931 29

fl=(202)
fn=(716) _int_malloc
3846 22 2 14
1326 4 0 0 0 0 0 0 0 0 2 2
+19 12 0 0 0 0 0 0 0 0 2
3887 4 0 0 0 0 0 0 0 0 2
1794 2 2
3914 4 0 0 0 0 0 0 0 0 2
+63 4 0 0 0 0 0 0 0 0 2
+62 40 0 0 0 0 0 0 0 0 8
+1 6 2 0 0 2 0 0 0 0 2
+20 2 2
-1 2
-1 2
+1 4 0 2
+1 4 2 0 0 0 0 0 0 0 2
-2 4 2
+12 10 2 2 0 2 0 0 0 0 2
-1 4 0 2
+4 4 2 0 0 2
+1 2
+2 4 0 0 0 0 0 0 0 0 2
-3 4 2
+1 2
+2 4 0 0 0 0 0 0 0 0 2
+1 12 4 0 0 2 0 0 0 0 4 1
+2 4 4 0 0 4
+1 16 0 0 0 0 0 0 0 0 8 2
+2 16 4 0 0 0 0 0 0 0 4
-10 4 4
+12 8 4 0 0 2 0 0 0 0 4
+1 8 4 0 0 0 0 0 0 0 4 2
+2 8 0 0 0 0 0 0 0 0 4
+11 12 0 0 0 0 0 0 0 0 6 2
+29 4 0 4
+1 4 0 4
+4 8 0 0 0 0 0 0 0 0 4
+29 8 0 0 0 0 0 0 0 0 4 2
+8 8 0 0 0 0 0 0 0 0 2 2
+1 2
+1 2 2 0 0 2
-1 2
+4 4 0 0 0 0 0 0 0 0 2
4487 24 18 0 0 0 0 0 0 0 2
4163 4 0 2
+1 6
+1 2 2 0 0 2 0 0 1
-1 2
+57 4 2
+9 2 0 2
-9 4
+9 2 2
-9 6 0 2 0 0 2
+1 2 0 2
+1 2 0 2
+1 2 0 2
+1 2 0 2
+6 4 0 0 0 0 0 0 0 0 2
-10 4 2
+9 2 0 2
-9 4
+9 2 2
-9 6 0 2
+1 2 0 2
+1 2 0 2
+1 2 0 2
+1 2 0 2
+6 4 0 0 0 0 0 0 0 0 2 2
4070 12 4 0 0 0 0 0 0 0 4 2
4246 4 0 0 0 0 0 0 0 0 2 2
+11 6 0 0 0 0 0 0 0 0 2
+2 6
+3 2 2 0 0 2 0 0 1
-3 2
+3 4 0 0 0 0 0 0 0 0 2
+1 2
+71 6
-4 2
+1 2
+1 2
-1 2
+1 2
+1 4 2
+1 6
+5 8 0 0 0 0 0 0 0 0 2
-99 16 4 4 0 0 0 0 0 0 4
-79 2
+8 10 0 2
+49 2
-48 2
+48 6 0 2 0 0 2
4343 6 0 0 0 0 0 0 0 0 2 2
4443 2 2
+1 4 2 0 0 2 0 0 1
+2 4 2 0 0 0 0 0 0 0 2
+3 6 0 0 0 0 0 0 0 0 2 1
+17 4 1 1 0 0 0 0 0 0 1
2552 1 1 0 0 1
+12 1 1 0 0 1 0 0 1
-12 5 1 2 0 1 0 0 1
+12 1 0 0 0 0 0 0 0 0 1
4460 6 0 2
cfn=(724) alloc_perturb
calls=2 1985 
* 8 4 0 0 0 0 0 0 0 2
+1 2
-9 2
+2 2
-1 1 0 1
+1 1
-3 1
+3 1
+2 1
-2 4 0 1
+2 1 0 1 0 0 1 0 0 1
+3 2
2553 1 0 1
+36 3 1
+1 1
-1 1 0 1
+1 1 0 1
+9 10 3 0 1 0 0 1 0 0 4
+6 3 2 0 0 0 0 0 0 0 1
+3 3 0 0 0 0 0 0 0 0 1 1
2921 3 2 0 0 0 0 0 0 0 1
+1 1 0 1
+4 1 1
+4 5 2 0 0 0 0 0 0 0 1
+5 1
-2 1
+5 1
-3 2
-3 1
+2 1 0 1
+1 1
+1 1
-1 3 0 1
+1 1 0 1 0 0 1 0 0 1
4482 1
2669 3 1 1
+8 2 1 0 0 0 0 0 0 0 1
+14 1 1
+2 1 1
-2 2 0 0 0 0 0 0 0 0 1
+8 5 1 1
+8 2 0 0 0 0 0 0 0 0 1
+20 1 1
+1 1
-1 2 0 0 0 0 0 0 0 0 1
+11 2 1
+4 2 0 0 0 0 0 0 0 0 1
+2 1 1
+2 1 1
-2 1 0 0 0 0 0 0 0 0 1
+2 1
+6 1
-6 1 0 1
+9 2 1 0 0 0 0 0 0 0 1
2873 1
+3 1
-1 1 0 1
+1 4 0 1 0 0 1 0 0 1
+12 1 1
-11 1 0 1
+11 2 0 0 0 0 0 0 0 0 1
+7 2
+1 3 0 1
+8 1 0 1 0 0 1 0 0 1
+2 1 0 1
+5 2 0 0 0 0 0 0 0 0 1
+2 4 0 1
cfn=(1952) _int_free
calls=1 4495 
* 132 37 24 0 0 1 0 0 1 22 2
* 1
-66 2 0 0 0 0 0 0 0 0 1
-65 1
+84 2 0 0 0 0 0 0 0 0 1
2732 6 2 1
cfn=(2774) sysmalloc_mmap_fallback.constprop.0
calls=1 2490 
* 101 23 18 0 1 1 0 1 0 12 1
* 1
+2 2 0 0 0 0 0 0 0 0 1
-25 3 0 2
cfi=(205)
cfn=(718)
calls=1 25 
* 53 14 9 0 4 2 0 3 0 9 1
+1 2 1
-1 1
+1 1 0 0 0 0 0 0 0 0 1
+2 1
+3 2 0 0 0 0 0 0 0 0 1

fn=(704)
3294 16 0 8
+7 4 2 0 0 2 0 0 0 0 2
1326 4 0 0 0 0 0 0 0 0 2
+19 10 0 0 0 0 0 0 0 0 2
3311 4
+2 8 4 0 0 4 0 0 0 0 2
+3 4 2 0 0 2 0 0 0 0 2
+10 4 2 0 0 2 0 0 0 0 2 2
+28 12 10
-26 8 0 2
cfn=(716)
calls=2 3846 
* 968 197 141 1 30 12 1 9 5 171 27
+1 10 2 0 0 0 0 0 0 0 4
fi=(203) ./malloc/./malloc/arena.c
153 4 0 0 0 0 0 0 0 0 2 2
fe=(202)

fn=(1956) _int_free_maybe_consolidate
4770 33 3 21
+6 6 0 0 0 0 0 0 0 0 3
+22 33 27 0 0 0 0 0 0 0 3

fn=(1952)
4495 21 0 12
+4 9 3
+6 12 0 0 0 0 0 0 0 0 3
+1 6 0 0 0 0 0 0 0 0 3
+4 15 0 0 0 0 0 0 0 0 6
+8 12 6 0 0 0 0 0 0 0 3
-1 6
+1 6 3 0 0 2 0 0 0 0 3
1792 3 3 0 0 2
4561 6 0 0 0 0 0 0 0 0 3
+76 6 3 0 0 0 0 0 0 0 3
+3 6 3 0 0 2 0 0 0 0 3
+18 3
-12 3
+12 12 12
-12 3
cfn=(1954) _int_free_merge_chunk
calls=515 +19 
* 267 78 60 0 12 1 0 0 1 39 6

fn=(1954)
4665 15 0 12
+1 3
-1 9 0 6
+5 18 3 0 0 2 0 0 0 0 3
+3 6 3 0 0 2 0 0 0 0 3
+5 9 3 0 0 2 0 0 0 0 3
+3 6
+1 6 0 0 0 0 0 0 0 0 3
+1 6 3 0 0 2 0 0 0 0 3
1992 9 3 0 0 0 0 0 0 0 3
4689 6 3 0 0 0 0 0 0 0 3 3
+25 6 3 0 0 0 0 0 0 0 3
+6 6 3 0 0 2 0 0 0 0 3
+4 3 0 3
+9 3 3
-1 3
+1 9
+1 6 3 0 0 2 0 0 0 0 3
+2 3 0 3 0 0 1 0 0 1
+2 6 0 0 0 0 0 0 0 0 3 3
+5 3 0 3
+1 3 0 3
+2 9 0 3
+1 3 0 3
-45 3
-1 6
+1 18 18
-1 3
cfn=(1956)
calls=961 +69 
* 72 30 21 0 0 0 0 0 0 6
+39 9 0 3

fn=(2774)
2490 11 0 6
+4 1 1
+3 3 1 0 0 0 0 0 0 0 1
+4 2 0 0 0 0 0 0 0 0 1
+1 2
+4 1
-1 2 0 0 0 0 0 0 0 0 1
+3 8 0 1
cfi=(296) ./misc/../sysdeps/unix/sysv/linux/mmap64.c
cfn=(2380) mmap
calls=1 47 
* 26 4 3 0 0 0 0 0 0 4
* 1
+3 2 0 0 0 0 0 0 0 0 1
+4 2 0 0 0 0 0 0 0 0 1 1
+4 4 0 1
cfi=(297) ./misc/../sysdeps/unix/sysv/linux/setvmaname.c
cfn=(2382) __set_vma_name
calls=1 33 
* 21 9 5 0 1 1 0 1 0 2
+5 1 0 1
+2 1 0 1
+2 9 7
2008 4 1 0 0 0 0 0 0 0 1

fn=(724)
1985 6 2 0 0 0 0 0 0 0 2
+2 2 2

fn=(1948)
3359 2
+4 4 0 0 0 0 0 0 0 0 2
-4 6 0 4
+14 2
-14 6 0 4
+12 2 2 0 0 2
+4 2 2 0 0 2
-4 2 2 0 0 2
+4 4 0 0 0 0 0 0 0 0 2
+17 6 4 0 0 4 0 0 0 0 2
fi=(203)
153 6 0 0 0 0 0 0 0 0 2 2
fe=(202)
3398 6 0 2
cfn=(1952)
calls=514 4495 
* 264 74 48 0 18 0 0 0 0 44 4
+3 2 0 2
+1 12 10

fl=(269) ./csu/../sysdeps/nptl/libc_start_call_main.h
fn=(2052) (below main)
cob=(11)
cfi=(266)
cfn=(2060)
calls=0 78 
58 919246547 184212868 60224109 3 5213546 2093710 3 317643 171492 91476393 6276236 67519 262

fl=(297)
fn=(2382)
33 7 0 4
+2 5 2 1 0 1 1 0 1 0 1
+14 9 7 0 0 0 0 0 0 0 1

fl=(211)
fn=(750)
158 2
+1 4
+5 2
+1 2 0 0 0 0 0 0 0 0 2
+1 2
+1 2
+1 2 0 0 0 0 0 0 0 0 2 2
+69 2 2 0 0 2
+1 2 0 0 0 0 0 0 0 0 2 2
+87 2
+1 2
+1 2
+1 131074 0 131072 0 0 2048 0 0 2046 131074 3
+1 2
+1 4 2 0 0 2

fl=(264)
fn=(2024)
cfi=(269)
cfn=(2052)
calls=0 29 
360 919246547 184212868 60224109 3 5213546 2093710 3 317643 171492 91476393 6276236 67519 262

fl=(296)
fn=(2380)
47 1
+3 2 0 0 0 0 0 0 0 0 1
-3 6 0 3
+6 2 0 0 0 0 0 0 0 0 1
+5 6 0 0 0 0 0 0 0 0 1
+2 4 4
-7 5 0 0 0 0 0 0 0 0 1

fl=(206)
fn=(720)
37 8 0 4 0 0 1
+3 1 1 0 0 1 0 0 1
+3 1 1 0 0 1 0 0 1
-3 1 1 0 0 1 0 0 1
+3 1 0 0 0 0 0 0 0 0 1
+15 2 0 0 0 0 0 0 0 0 1
+4 2 0 0 0 0 0 0 0 0 1
+4 4 0 0 0 0 0 0 0 0 2 1
+12 1
-28 1
+28 6 5
-4 1 0 1
cfi=(207)
cfn=(722)
calls=1 -38 
* 11 3 2 0 1 1 0 0 0 1
* 2 0 0 0 0 0 0 0 0 1

totals: 919246547 184212868 60224109 3 5213546 2093710 3 317643 171492 91476393 6276236 67519 262
