# callgrind format
version: 1
creator: callgrind-3.22.0
pid: 801880
cmd:  /home/max/projects/corintho-ai/bench/results/long-profile-2026-09-23/bin/selfplay_nn - /home/max/projects/corintho-ai/bench/results/long-profile-2026-09-23/model.mlp 48 1600 16 1 901
part: 1


desc: I1 cache: 65536 B, 64 B, 8-way associative
desc: D1 cache: 32768 B, 64 B, 8-way associative
desc: LL cache: 25165824 B, 64 B, 12-way associative

desc: Timerange: Basic block 0 - 1041520028
desc: Trigger: dump

positions: line
events: Ir Dr Dw I1mr D1mr D1mw ILmr DLmr DLmw Bc Bcm Bi Bim
summary: 1701401921 306102429 132536659 320 7235275 3306570 296 11213 376788 191890422 6236355 83100 1072


ob=(9) /usr/lib/x86_64-linux-gnu/libstdc++.so.6.0.33
fl=(222) ???
fn=(2076) operator new(unsigned long)
0 4081 0 1113 0 0 23
cob=(4) ???
cfi=(178) ???
cfn=(1534) 0x0000000004ca7210
calls=620 0 
0 95517 18566 10819 12 5008 1287 7 0 419 16410 860 371 360
0 1855 1113 0 0 0 0 0 0 0 371 2

fn=(2148) operator new[](unsigned long)
0 722
cob=(4)
cfi=(178)
cfn=(2072) 0x0000000004ca6cc0
calls=410 0 
0 100013 19623 11684 9 5233 1277 5 0 415 16358 805 722 360

fn=(2562) __cxa_thread_atexit
0 4 0 2 1 0 0 1
cob=(4)
cfi=(178)
cfn=(2564) 0x0000000004ca7de0
calls=3 0 
0 1571 475 206 21 31 5 9 5 0 243 36 7 6
0 2 2

fn=(2224) operator delete(void*, unsigned long)
0 18
cob=(4)
cfi=(178)
cfn=(2226) 0x0000000004ca7430
calls=27 0 
0 930 277 146 4 60 1 0 0 0 128 21 18 9

fn=(2230) operator delete(void*)
0 18
cob=(4)
cfi=(178)
cfn=(2232) 0x0000000004ca7c60
calls=28 0 
0 894 268 146 3 51 1 0 0 0 128 21 9

ob=(1) /usr/lib/x86_64-linux-gnu/ld-linux-x86-64.so.2
fl=(189) ./elf/../sysdeps/x86_64/dl-trampoline.h
fn=(664) _dl_runtime_resolve_xsave
71 1
+5 1 0 1
+3 1
+2 1
+10 1 1
+6 1 0 1
+1 1 0 1
+1 1 0 1
+1 1 0 1
+1 1 0 1
+1 1 0 1
+1 1 0 1
+4 1
+1 1
+3 1 0 1
+1 1 0 1
+2 1 0 1
+1 1 0 1
+1 1 0 1
+1 1 0 1
+1 1 0 1
+1 1 0 1
+2 1 0 34
+7 1 1
+1 1 1
+1 1 0 1
cfi=(190) ./elf/./elf/dl-runtime.c
cfn=(666) _dl_fixup
calls=109 -84 
* 1204 341 101 6 20 4 0 5 0 187 15 2 2
+1 1
+5 1
+1 1
+1 1 36
+2 1 1
+1 1 1
+1 1 1
+1 1 1
+1 1 1
+1 1 1
+1 1 1
+2 1
+2 1 1
+4 1
+2 1 0 0 0 0 0 0 0 0 0 0 1 1

fl=(1) ???
fn=(0) 0x000000000001f540
cob=(11) /home/max/projects/corintho-ai/bench/results/long-profile-2026-09-23/bin/selfplay_nn
cfi=(263) ???
cfn=(2022) (below main)
calls=1 0 
0 1701401921 306102429 132536659 320 7235275 3306570 296 11213 376788 191890422 6236355 83100 1072

fl=(82) ./elf/./elf/dl-lookup.c
fn=(288) _dl_lookup_symbol_x
772 6 0 4
+3 1
-3 3 0 2
+3 1
-3 4 0 3
fi=(83) ./elf/../sysdeps/generic/dl-new-hash.h
74 1 1 0 0 1
+3 2 0 0 0 0 0 0 0 0 1
-8 1
+1 2
+10 1 1
+1 2 0 0 0 0 0 0 0 0 1
-1 11 11
+1 22 0 0 0 0 0 0 0 0 11
+20 12
-2 12
+6 12
-3 24
+2 12
-30 12 12
+3 24 0 0 0 0 0 0 0 0 12 1
fe=(82)
774 1
+1 1
+3 1 0 1
-4 1 0 1
+1 1 0 1
+7 4 1 0 0 0 0 0 0 0 2
+5 1 1
-2 1 1
+2 1 1
-2 1 0 0 0 0 0 0 0 0 1
+6 14 0 3 0 0 0 0 0 0 1
+1 14 7 7
cfn=(292) do_lookup_x
calls=2000 347 
* 856 253 66 6 13 4 0 4 0 138 14 2 2
* 3 0 0 0 0 0 0 0 0 1
+28 1 1
-23 3 2
+23 1
-23 2 0 0 0 0 0 0 0 0 1
+24 6 1 0 0 0 0 0 0 0 2
+7 1 1
-7 1
+35 4 1 0 0 0 0 0 0 0 1
+34 4 1
-20 3 1 0 0 0 0 0 0 0 1
+3 2 1 0 0 0 0 0 0 0 1
-57 1 0 1
+76 9 7

fn=(294) check_match
70 15 2 6 0 1 1 0 1
+3 6 2 0 0 0 0 0 0 0 1
+13 1
-13 1
+13 1
-13 1
+13 3 0 0 0 0 0 0 0 0 1
+3 6 2 1 0 0 0 0 0 0 1
cfi=(32) ./string/../sysdeps/x86_64/multiarch/../multiarch/strcmp-sse2.S
cfn=(94) strcmp
calls=180 +9 
* 88 13 0 2 1 0 0 1 0 9 2 1 1
* 2 0 0 0 0 0 0 0 0 1
+4 1 1
+1 2 0 0 0 0 0 0 0 0 1
+2 2 0 0 0 0 0 0 0 0 1
+19 2 2 0 0 1
+1 8 3 0 0 1 0 0 0 0 1
+45 1
+1 8 7
-45 3 2 1
cfi=(32)
cfn=(94)
calls=1964 -19 
* 71 9 0 4 1 0 0 0 0 7 3 1 1
* 2 0 0 0 0 0 0 0 0 1

fn=(292)
347 9 0 7
+1 1 1
-1 4 2 2 0 0 1
+6 1
-6 1 0 1
+65 1
-58 1 1
+11 1 1
+50 1 0 1
-3 2 0 1
+3 2
-50 1
+50 4 1 1
-19 24 8 0 0 0 0 0 0 0 8
+8 8 8
-4 8 0 8
+1 8 0 8
+3 32 16 0 0 0 0 0 0 0 8
+1 16 16
+3 8 8
-3 8
+4 16 0 0 0 0 0 0 0 0 8
+4 16 16
-2 8 8 0 0 3 0 0 1
+5 32 16
+3 56 8 0 0 0 0 0 0 0 8 4
+99 21 0 0 0 0 0 0 0 0 7
358 16 16
+3 16 0 0 0 0 0 0 0 0 8 1
+4 16 0 0 0 0 0 0 0 0 8 1
+21 16 8 0 0 0 0 0 0 0 8
+4 16 8 0 0 0 0 0 0 0 8
+71 8 6
fi=(4) ./elf/../sysdeps/generic/ldsodefs.h
139 2 1
+1 3
fe=(82)
476 2 0 0 0 0 0 0 0 0 1
fi=(84) ./elf/../sysdeps/generic/dl-protected.h
29 4 0 0 0 0 0 0 0 0 2
fe=(82)
483 8 1 0 0 0 0 0 0 0 3
+16 2 1 1
+1 1 0 1
+22 1
-21 1
+21 7 7
-99 9 3
-1 6 6 0 0 2
+2 6 0 0 0 0 0 0 0 0 3
+2 3 3
+6 12 3 6
-6 3
+6 21 0 15 0 0 1
+7 45 0 0 0 0 0 0 0 0 15 2
-10 80 16 0 0 3 0 0 1 0 16 1
+2 1
+1 3 1
-1 1 1
+1 2 2 1
-1 1
+1 1 0 1
+1 1
-1 1 0 1
+1 1
-1 7 3 3 0 0 1
cfn=(294)
calls=1989 70 
* 224 43 8 6 5 1 0 2 0 24 5 2 2
+4 3 0 0 0 0 0 0 0 0 1
+34 16 14 0 0 0 0 0 0 0 2

fl=(190)
fn=(666)
46 11 0 6
+2 5 4 0 0 0 0 0 0 0 1
+1 1 1
+6 1
fi=(327) ./elf/../sysdeps/x86_64/dl-runtime.h
-27 1
fe=(190)
+21 1 1
+5 1 1
+1 1 1
-6 1
+6 2
+1 1 1 0 0 1
+2 1 1
-2 1
+2 1
-2 5 0 1
+7 2 0 0 0 0 0 0 0 0 1
+4 2 1 0 0 1 0 0 1 0 1
+4 1 1
-2 1
+2 2 0 0 0 0 0 0 0 0 1
+4 3 2 0 0 2
+1 4 1
+1 3 1 0 0 1 0 0 0 0 1
+8 1 1
-1 1
+1 2 0 0 0 0 0 0 0 0 1
+10 10 2 3 0 1
cfi=(82)
cfn=(288)
calls=109 772 
* 1103 305 89 6 14 4 0 4 0 174 15 2 2
* 1
+4 5 3 0 0 0 0 0 0 0 1
+10 10 4 1 0 0 0 0 0 0 3
+15 4 1 0 0 0 0 0 0 0 1
+9 3 1 0 0 0 0 0 0 0 1
+26 3 1 0 0 0 0 0 0 0 1
fi=(6) ./elf/../sysdeps/x86_64/dl-machine.h
+75 1 0 1
fe=(190)
-71 8 7

fl=(241) ./elf/./elf/dl-open.c
fn=(1714) _dl_find_dso_for_object
214 2 0 1
+4 1 1
-4 8 0 4
+4 2 0 0 0 0 0 0 0 0 1 1
+1 3 1 0 0 1 0 0 0 0 1
+1 4 2 0 0 1 0 0 0 0 2 1
+1 2 1 0 0 0 0 0 0 0 1 1
+3 2 1 0 0 0 0 0 0 0 1
+4 7 6

fl=(32)
fn=(94)
98 2
+33 2
+1 2
+2 2
+1 2
+21 2
+1 2 0 0 0 0 0 0 0 0 2 1
+1 1
+1 1 0 0 0 0 0 0 0 0 1
+1 1 1 0 0 1 0 0 1
+1 1 1
+1 1 1
+1 1 1
+17 1
+1 1
+1 1
+1 1
+1 1
+1 1
+1 1 0 0 0 0 0 0 0 0 1 1
+5 1
+1 3
+9 1
+1 1
+1 1
+1 1
+1 1
+1 1
+1 1
+1 1 0 0 0 0 0 0 0 0 1
-7 1
+1 1
+1 1
+1 1
+1 1
+1 1
+1 1
+1 1 0 0 0 0 0 0 0 0 1 1
+1 2 0 0 0 0 0 0 0 0 2 2
+1 2
+1 2
+1 2
+2 2
+1 2
+1 2
+1 2 2
+1 2
+1 2 0 0 0 0 0 0 0 0 0 0 2 2
1732 1 0 0 1
+1 1 1
+1 1 1
+1 1
+1 1
+2 1
+1 1
+1 1
+1 1
+1 1
+1 1
+1 1 0 0 0 0 0 0 0 0 1
+1 1 1
+4 1
+1 1
+1 1
+6 1
+1 1
+1 2
+4 1
+1 1 0 0 0 0 0 0 0 0 1
+3 1 1
+1 1 1
+1 1
+2 1
+1 1
+1 1
+4 1
+1 1
+1 1
+1 1
+1 1
+1 1 0 0 1 0 0 0 0 0 1
+69 1 0 0 1
+1 1 1 0 0 1
+1 1 1
+1 1
+1 1
+2 1
+1 1
+1 1 0 0 1
+1 1
+1 1
+1 1
+1 1 0 0 0 0 0 0 0 0 1
+1 1 1
+4 1
+1 1
+1 1
+6 1
+1 1
+1 2
+4 1 0 0 1
+1 1 0 0 0 0 0 0 0 0 1
+3 1 1
+1 1 1
+1 1
+2 1
+1 1
+1 1
+4 1
+1 1
+1 1
+1 1
+1 1
+1 1 0 0 1 0 0 0 0 0 1
2093 2
+2 2
+1 2
+1 2
+1 2 0 0 0 0 0 0 0 0 2
+1 4
+5 2
+6 2 2
+1 2 2
+8 2
+1 2 2

ob=(4)
fl=(178)
fn=(2072)
0 722 361 0 0 361 0 0 0 0 0 0 361
cob=(9)
cfi=(222)
cfn=(2076)
calls=411 0 
0 99291 19262 11684 9 4872 1277 5 0 415 16358 805 361 360

fn=(2212) 0x000000000010a520
0 722 361 0 0 355 0 0 0 0 0 0 361
cob=(2) /usr/lib/x86_64-linux-gnu/libc.so.6
cfi=(211) ./string/../sysdeps/x86_64/multiarch/memset-vec-unaligned-erms.S
cfn=(750) __memset_avx2_unaligned_erms
calls=753 158 
0 23664633 722 23658496 0 690 369662 0 0 369317 23659940 390

fn=(2226)
0 18 9 0 1 9 0 0 0 0 0 0 9 9
cob=(9)
cfi=(222)
cfn=(2230)
calls=28 0 
0 912 268 146 3 51 1 0 0 0 128 21 9

fn=(2560) 0x000000000010a7d0
0 2 1 0 1 1 0 0 0 0 0 0 1 1
cob=(9)
cfi=(222)
cfn=(2562)
calls=3 0 
0 1577 477 208 22 31 5 10 5 0 243 36 7 6

fn=(2610) 0x000000000010a810
0 31584 15792 0 1 13964 0 0 0 0 0 0 15792 362
cob=(8) /usr/lib/x86_64-linux-gnu/libgomp.so.1.0.0
cfi=(188) ???
cfn=(2612) GOMP_loop_ull_dynamic_next
calls=15792 0 
0 392826 126336 46718 1 50833 0 1 0 0 63168 649

fn=(2078) 0x000000000010a590
0 130302 65151 0 0 9493 0 0 0 0 0 0 65151 328
cob=(2)
cfi=(243) ./string/../sysdeps/x86_64/multiarch/memmove-vec-unaligned-erms.S
cfn=(1900) __memcpy_avx_unaligned_erms
calls=65153 255 
0 807744 203001 135334 0 14094 49235 0 6 368 163966 3696

fn=(2402) 0x000000000010a450
0 722 361 0 0 360 0 0 0 0 0 0 361 2
cob=(9)
cfi=(222)
cfn=(2148)
calls=409 0 
0 100735 19623 11684 9 5233 1277 5 0 415 16358 805 722 360

fn=(2452) 0x000000000010a6e0
cob=(8)
cfi=(188)
cfn=(2454) GOMP_parallel
calls=658 0 
0 1701401921 306102429 132536659 320 7235275 3306570 296 11213 376788 191890422 6236355 83100 1072

fn=(1534)
0 742 371 0 0 370 0 0 0 0 0 0 371 360
cob=(2)
cfi=(202) ./malloc/./malloc/malloc.c
cfn=(704) malloc
calls=621 3294 
0 94775 18195 10819 12 4638 1287 7 0 419 16410 860

fn=(2564)
0 2 1 0 1 1 0 1 0 0 0 0 1 1
cob=(2)
cfi=(305) ./stdlib/./stdlib/cxa_thread_atexit_impl.c
cfn=(2568) __cxa_thread_atexit_impl
calls=3 102 
0 319 84 52 13 10 1 7 0 0 56 21 2 2
cob=(1)
cfi=(189)
cfn=(664)
calls=1 71 
0 1245 388 152 6 20 4 0 5 0 187 15 3 3
0 5 2 2 1 0 0 1 0 0 0 0 1

fn=(2530) 0x000000000010a5e0
0 658 329 0 0 0 0 0 0 0 0 0 329 2
cob=(8)
cfi=(188)
cfn=(2532) GOMP_loop_ull_dynamic_start
calls=329 0 
0 48692 13489 12173 12 0 2 12 0 2 5922 639

fn=(2616) 0x000000000010a4f0
0 658 329 0 0 327 0 0 0 0 0 0 329 1
cob=(8)
cfi=(188)
cfn=(2618) GOMP_loop_end_nowait
calls=657 0 
0 12831 4935 2961 4 655 656 4 0 0 1974 368

fn=(1712) 0x0000000004eab4e0
0 2 1 0 1 1 0 0 0 0 0 0 1 1
cob=(1)
cfi=(241)
cfn=(1714)
calls=10 214 
0 31 12 5 0 2 0 0 0 0 6 3

fn=(2232)
0 18 9 0 1 9 0 0 0 0 0 0 9
cob=(2)
cfi=(202)
cfn=(1948) free
calls=28 3359 
0 876 259 146 2 42 1 0 0 0 128 21

fn=(2092) 0x000000000010a5c0
0 20 10 0 0 10 0 0 0 0 0 0 10
cob=(9)
cfi=(222)
cfn=(2076)
calls=209 0 
0 2162 417 248 3 136 33 2 0 4 423 57 10

fn=(2222) 0x000000000010a5d0
0 18 9 0 0 0 0 0 0 0 0 0 9 1
cob=(9)
cfi=(222)
cfn=(2224)
calls=27 0 
0 948 277 146 4 60 1 0 0 0 128 21 18 9

fn=(2570) 0x0000000004eab450
0 2 1 0 1 1 0 1 0 0 0 0 1 1
cob=(2)
cfi=(202)
cfn=(794) calloc
calls=3 3699 
0 158 37 20 3 2 1 2 0 0 29 9

ob=(8)
fl=(188)
fn=(2532)
0 13489 2961 3948 4 0 0 4 0 0 1316 191
cfn=(2534) 0x0000000000024750
calls=329 0 
0 18424 5593 5593 3 0 2 3 0 2 1645 100
0 16779 4935 2632 5 0 0 5 0 0 2961 348

fn=(2612)
0 392826 126336 46718 1 50833 0 1 0 0 63168 649

fn=(2534)
0 10199 2303 2961 2 0 0 2 0 0 1316 100
cfn=(2504) 0x0000000000024680
calls=658 0 
0 5593 1316 2303 0 0 2 0 0 2 329
0 2632 1974 329 1 0 0 1

fn=(2454)
cob=(11)
cfi=(298) /home/max/projects/corintho-ai/bench/../corintho_ai/cpp/src/trainer.cpp
cfn=(2528) Trainer::doIteration(float*, float*, int) [clone ._omp_fn.0]
calls=329 206 
0 1701401921 306102429 132536659 320 7235275 3306570 296 11213 376788 191890422 6236355 83100 1072

fn=(2504)
0 5593 1316 2303 0 0 2 0 0 2 329

fn=(2618)
0 12831 4935 2961 4 655 656 4 0 0 1974 368

ob=(11)
fl=(266) /home/max/projects/corintho-ai/bench/selfplay_nn.cpp
fn=(2060) main
fi=(298)
cob=(4)
cfi=(178)
cfn=(2452)
calls=329 0 
206 1701401921 306102429 132536659 320 7235275 3306570 296 11213 376788 191890422 6236355 83100 1072
fe=(266)

fl=(308) /home/max/projects/corintho-ai/bench/../corintho_ai/cpp/src/node.cpp
fn=(2790) Node::~Node()
23 792 0 594 1 0 0 1
+1 198 198
-1 198
+1 396 0 0 0 0 0 0 0 0 198
fi=(304) /home/max/projects/corintho-ai/bench/../corintho_ai/cpp/include/arena.h
+44 396 198 0 0 47 0 0 0 0 198
fi=(320) /home/max/projects/corintho-ai/bench/../corintho_ai/cpp/include/node.h
191 198 198 0 0 75 0 0 4
fe=(308)
25 198 198 0 1 0 0 1
fi=(320)
192 594
fi=(304)
59 396 0 0 0 0 0 0 0 0 198 13
+31 198
-1 396 0 0 0 0 0 0 0 0 198 33
+3 744
-30 744 186 186 0 0 179 0 0 3
+1 186 0 186 1 0 0 1
fe=(308)
-37 558 186 0 0 0 0 0 0 0 186 2
fi=(304)
+36 48 12 12 0 0 12
+1 12 0 12
fe=(308)
-37 36 12 0 0 0 0 0 0 0 12
fi=(304)
+42 396 198 0 0 0 0 0 0 0 198
-6 396 198 198 0 0 51 0 0 1
+1 198 0 198
fe=(308)
-35 594 198 0 0 5 0 0 0 0 198 55
+1 990 198 198 1 0 0 1 0 0 198
cfn=(2791) Node::~Node()'2
calls=198 -6 
* 6934594 2381101 1402312 1 335306 239458 1 7242 4651 1239503 100018
fi=(304)
+39 396 198 0 0 0 0 0 0 0 198
-6 396 198 198 0 0 157 0 0 1
+1 198 0 198
fe=(308)
-33 792 792 0 0 22

fn=(2791)
23 652536 0 489402 0 0 6128 0 0 21
+1 163134 163134 0 0 156959 0 0 3370
-1 163134
+1 326268 0 0 0 0 0 0 0 0 163134 199
fi=(304)
+44 326126 163063 0 0 0 0 0 0 0 163063 5
fi=(320)
191 163063 163063 0 0 149084 0 0 3503
fe=(308)
25 163063 163063
fi=(320)
192 489189
fi=(304)
59 326126 0 0 0 0 0 0 0 0 163063 28156
+31 48988
-1 97976 0 0 0 0 0 0 0 0 48988 8681
+3 35880
-30 35880 8970 8970 0 0 8871 0 0 125
+1 8970 0 8970
fe=(308)
-37 26910 8970 0 0 0 0 0 0 0 8970
fi=(304)
+36 160072 40018 40018 0 0 39857 0 0 848
+1 40018 0 40018
fe=(308)
-37 120054 40018 0 0 0 0 0 0 0 40018 2
fi=(304)
+42 326126 163063 0 0 0 0 0 0 0 163063
-6 326126 163063 163063 0 0 123682 0 0 2886
+1 163063 0 163063
fe=(308)
-35 717298 163134 113948 0 24815 533 0 369 0 163134 49320
cfn=(2791)
calls=113948 -5 
* 99346172 34626300 20005552 46 4946901 3290690 46 93626 54845 17814706 1114921
fi=(304)
+40 227896 113948 0 0 0 0 0 0 0 113948 92
-6 227896 113948 113948 0 0 42143 0 0 554
+1 113948 0 113948
fe=(308)
-34 587378 163134 48988 0 2789 9 0 0 0 163134 13558
cfn=(2791)
calls=48988 -6 
* 19261032 6667949 3829288 0 960929 649081 0 22701 14207 3461696 314766
fi=(304)
+39 97976 48988 0 0 0 0 0 0 0 48988 5
-6 97976 48988 48988 0 0 18235 0 0 217
+1 48988 0 48988
fe=(308)
-33 652536 652536 0 1 1659 0 1

fn=(2730) Node::syncStats()
269 14072277 4690759 0 1 43370 0 1 27 0 4690759 137744
+2 3978148 3978148 0 0 548309
+5 7956296 7956296
-3 11934444 7956296 0 0 549586
+1 3978148
+2 3978148 0 3978148 0 0 601214 0 0 50
-2 3978148
+3 15912592 3978148 3978148 0 0 284719 0 0 21
112 3978148 3978148
279 7958856 0 0 0 0 0 0 0 0 3979172 848
+2 712611 712611 0 1 0 0 1
-2 3977636 3977636
-1 7955272 0 3977636 0 0 236140 0 0 88
+3 3977636 3977636
-3 1024 0 512 0 0 29
+3 512 512

fn=(2734) Node::Node(Game const&, Node*, Node*, int, int)
38 465772 0 232886 1 0 0 1
+2 232886
fi=(309) /home/max/projects/corintho-ai/bench/../corintho_ai/cpp/src/game.cpp
307 232886
fe=(308)
40 232886 0 0 1 0 0 1
fi=(309)
305 232886
fe=(308)
38 1863088 0 1164430 0 0 91
+2 232886 232886 0 0 82761 0 0 52
-2 698658 232886 232886 0 3119
fi=(323) /home/max/projects/corintho-ai/bench/../gsl/include/gsl/util
+63 232886 0 232886 0 0 185470 0 0 354
fi=(309)
297 232886
fe=(308)
40 698658 232886 465772 1 0 15904 1
+2 232886
fi=(309)
305 232886
+2 232886 232886 0 0 37771 0 0 6
fe=(308)
42 465772 0 465772
fi=(309)
307 232886
+1 232886 232886
fe=(308)
42 465772 0 465772
fi=(323)
+59 232886 0 232886
fe=(308)
-59 465772 0 465772 1 0 0 1
fi=(309)
308 232886 0 0 0 0 0 0 0 0 232886 25070
+2 1058885 423554
+1 211777
-1 211777
+1 211777 211777 423554 0 0 136
-1 211777 0 211777
+13 211777
fe=(308)
45 211777
fi=(309)
323 423554 211777 635331
+4 635331 0 211777 1 0 0 1
fe=(308)
45 211777 0 211777 0 0 85
cfi=(309)
cfn=(2592) Node::initializeEdges()
calls=211777 340 
* 237871043 16938438 35536051 22 255413 398473 17 1824 191610 33337434 1034658 783 196
fi=(309)
323 21109
fe=(308)
45 21109
fi=(309)
323 42218 21109 63327 0 0 12
+4 63327 0 21109
fe=(308)
45 21109 0 21109 0 0 6
cfi=(309)
cfn=(2592)
calls=21109 340 
* 24238506 1717786 4077740 0 25856 47254 0 213 26642 3864252 115506 104 26
+3 232886 232886 0 0 37
225 232886 232886 0 0 213
+1 931544 465772 0 0 305 0 0 0 0 232886 103519
+38 137541 137541
-1 275082 0 137541
+1 275082 0 137541 0 0 4036 0 0 38
48 137541 0 137541 0 0 20
+1 412623 275082 0 0 123 0 0 0 0 137541 6
263 190690 0 95345
+1 190690 0 95345 0 0 14687
48 95345 0 95345 0 0 62
+1 286035 190690 0 1 54 0 1 0 0 95345 1
+1 232886
-1 232886
+1 1397316 1397316 0 0 267
-1 232886
cfn=(2730)
calls=232886 269 
* 5356846 2328743 698658 0 71 57791 0 0 159 466006 175
fi=(309)
313 21109 21109
+6 21109
-6 21109
+6 42218
-1 42218
+2 21109
-10 21109 21109
+10 42218
fe=(308)
-84 95345 0 0 1 0 0 1
+6 95345 95345 0 0 17
-4 411574 0 0 0 0 0 0 0 0 95345 25626
fi=(304)
68 147256 73628 0 1 0 0 1 0 0 73628 3
fe=(308)
238 38402
fi=(304)
68 43434 21717 0 0 0 0 0 0 0 21717 1
fi=(320)
191 95345
fi=(304)
90 95345
fi=(320)
192 95345
-1 95345 0 95345 0 0 90
+1 190690
fi=(304)
89 190690 0 0 0 0 0 0 0 0 95345 132
+3 86868
-48 476725 95345 0 1 0 0 1 0 0 95345 792
+2 54246 54246 0 0 52810
fe=(308)
246 54246
fi=(304)
46 54246 0 54246
fe=(308)
246 54246 0 0 0 0 0 0 0 0 54246 6
+14 95345 0 95345 0 0 33
+3 95345 95345
fi=(323)
101 190690 0 95345
fe=(308)
239 43434 0 0 0 0 0 0 0 0 21717 9315
+1 32120 0 0 0 0 0 0 0 0 8659 2746
fi=(304)
49 164396 0 41099 1 0 0 1
+1 123297 41099 0 1 0 0 1 0 0 41099 54
+2 41045 41045 0 0 66
+1 41045 41045
+1 41045
-1 41045
fe=(308)
246 41045
fi=(304)
53 41045 0 41045
+1 41045 0 41045
fe=(308)
246 41045 0 0 0 0 0 0 0 0 41045 2
fi=(304)
53 54 54
+1 54
-1 54
fe=(308)
246 54
fi=(304)
53 54 0 54
+1 54 0 54 0 0 54
fe=(308)
246 54 0 0 0 0 0 0 0 0 54 30
+3 21717 21717 0 0 21
-1 21717 21717
fi=(321) /usr/include/x86_64-linux-gnu/bits/string_fortified.h
29 21717 0 0 1 0 0 1
fe=(308)
250 21717
fi=(321)
29 21717
fe=(308)
250 21717 0 21717
fi=(321)
29 43434 0 43434
cob=(4)
cfi=(178)
cfn=(2078)
calls=21717 -29 
* 316140 94416 48466 0 23547 17525 0 6 176 50982 1796 21717 328
fe=(308)
252 21717 21717
-1 21717 21717
+1 21717
fi=(321)
29 21717
fe=(308)
251 21717 21717
+1 43434 0 21717
-1 65151 0 21717 1 0 0 1
fi=(321)
29 21717
fe=(308)
252 21717 0 21717
-1 21717 0 21717
fi=(321)
29 43434 0 43434
cob=(4)
cfi=(178)
cfn=(2078)
calls=21717 -29 
* 310953 86868 43434 0 24 20253 0 0 125 56492 737 21717
fe=(308)
254 21717 21717
fi=(321)
29 43434 21717
fe=(308)
253 21717 21717
+1 43434
-1 43434 0 0 1 0 0 1
fi=(321)
29 43434 0 43434
cob=(4)
cfi=(178)
cfn=(2078)
calls=21717 -29 
* 310953 86868 43434 0 16 11457 0 0 67 56492 1163 21717
fe=(308)
257 21717 21717
fi=(321)
29 86868 65151
fe=(308)
256 21717
+1 21717
fi=(321)
29 129669 21717 0 1 0 0 1 0 0 53976 4
fi=(320)
192 65151
fi=(304)
68 43434 21717 0 0 0 0 0 0 0 21717 5833
+22 21717 0 0 1 0 0 1
-1 43434 0 0 0 0 0 0 0 0 21717 3
+3 34636
-30 34636 8659 8659
+1 17318 0 8659
-1 52232 13058 13058 1 0 0 1
+1 26116 0 13058
fi=(321)
-34 30192 5032 5032 1 2 2516 1 0 27 2516 164
fe=(308)
239 26116 0 0 1 0 0 1
fi=(277) /usr/include/c++/13/bits/unique_ptr.h
1085 108 0 54
cob=(4)
cfi=(178)
cfn=(2402)
calls=54 0 
* 14899 2907 1699 0 839 115 0 0 60 2402 105 162 54
* 216 0 54 1 0 0 1
cob=(4)
cfi=(178)
cfn=(2212)
calls=54 0 
* 3539970 162 3538944 0 156 55296 0 0 55252 3539160 55 54
176 54 0 54 0 0 54
fi=(282) /usr/include/c++/13/bits/vector.tcc
-62 162 108 0 0 54 0 0 0 0 54 54
fi=(307) /usr/include/c++/13/tuple
302 54 0 54 0 0 54 0 0 10
fi=(282)
119 108 0 54
fi=(277)
+80 54 54
fi=(304)
79 108
fi=(321)
-50 122121 38402 38402 2 4 9618 2 0 30 13058
fe=(308)

fl=(298)
fn=(2528)
206 3290 0 1974 1 0 0 1
fi=(280) /usr/include/c++/13/bits/stl_vector.h
993 329 0 0 1 0 0 1
fe=(298)
206 2961 1316 329
fi=(280)
993 987 658 329
fe=(298)
206 658 329 329 1 0 0 1
fi=(280)
993 987
fe=(298)
206 329 0 329
fi=(280)
992 1316 0 987
cob=(4)
cfi=(178)
cfn=(2530)
calls=329 0 
* 49350 13818 12173 12 0 2 12 0 2 5922 639 329 2
* 1645 658 329 0 0 0 0 0 0 329
cob=(4)
cfi=(178)
cfn=(2616)
calls=329 0 
* 13489 5264 2961 4 982 656 4 0 0 1974 368 329 1
fe=(298)
206 50995 34545 15792 0 12651 0 0 0 0 329 16
cob=(4)
cfi=(178)
cfn=(2610)
calls=15792 0 
* 424410 142128 46718 2 64797 0 1 0 0 63168 649 15792 362
* 126336 31584 0 1 0 0 1 0 0 31584 336
+2 47376 31584 0 1 23946 0 1 0 0 15792 2
fi=(280)
993 47376 31584 0 0 12192
fe=(298)
214 15792 15792
fi=(280)
993 47376
fi=(268) /usr/include/c++/13/bits/stl_algobase.h
262 31584 0 0 0 0 0 0 0 0 15792 2
fe=(298)
-46 15792 15792 0 1 0 0 1
-2 31584 0 0 0 0 0 0 0 0 15792 178
+5 14664 14664 0 0 12187
fi=(280)
1129 14664
fe=(298)
218 14664 14664
+1 29328
fi=(280)
1129 14664
fe=(298)
219 14664
-1 43992 14664
fi=(300) /home/max/projects/corintho-ai/bench/../corintho_ai/cpp/src/selfplayer.cpp
-95 73320 14664 14664 1 14334 0 1
cfi=(301) /home/max/projects/corintho-ai/bench/../corintho_ai/cpp/src/trainmc.cpp
cfn=(2556) TrainMC::doIteration(float*, float*)
calls=14664 +21 
* 1689443035 302678886 130782716 201 6742681 3055121 179 3453 370850 190072782 6114766 66380 706
+2 29328 0 0 0 0 0 0 0 0 14664 6
+1 246 0 123
cfn=(2776) SelfPlayer::chooseMoveAndContinue()
calls=123 253 
* 10795144 3039835 1656906 94 351505 250791 93 7760 5936 1652171 119388 270 1
fe=(298)
+95 246 0 0 0 0 0 0 0 0 123 5

fl=(263)
fn=(2022)
cob=(2)
cfi=(264) ./csu/../csu/libc-start.c
cfn=(2024) __libc_start_main@@GLIBC_2.34
calls=1 242 
0 1701401921 306102429 132536659 320 7235275 3306570 296 11213 376788 191890422 6236355 83100 1072

fl=(300)
fn=(2780) SelfPlayer::chooseMove() [clone .part.0]
241 1476 123 861 1 0 0 1
+5 861 123 123 1 0 121 1
cfi=(301)
cfn=(2782) TrainMC::chooseMove(float*, float*)
calls=123 116 
* 6266735 2129352 1233971 33 295885 206677 33 564 358 1114617 88365
fi=(282)
114 246 246 0 0 122
fe=(300)
246 123
fi=(282)
114 492 246 0 1 243 0 1 0 0 123 2
+5 3936 1845 1968 4 848 977 4
fi=(326) /home/max/projects/corintho-ai/bench/../corintho_ai/cpp/include/selfplayer.h
-97 6273 3075 3198 7 121 1684 7 0 1243
fi=(282)
+97 246 0 123
fe=(300)
251 1476 1107 0 1 122 0 1 0 0 123

fn=(2776)
253 1476 123 861 1 0 0 1
+5 123
fi=(277)
-59 123 123 0 0 76
fe=(300)
+60 246 0 0 0 0 0 0 0 0 123 2
+4 861 369 0 1 11 0 1 0 0 123 2
-21 246 123 0 1 30 0 1 1 0 123 2
fi=(277)
-43 123 123 0 0 30
fe=(300)
+68 246 0 0 0 0 0 0 0 0 123 2
+4 738 369 0 2 152 0 2
fi=(308)
108 123
fe=(300)
271 246 0 0 0 0 0 0 0 0 123
+5 369 0 123
+2 861 123 0 1 120 0 1 1 0 123 3
+8 150 150 0 0 75 0 0 3
fi=(301)
-97 150 0 0 0 0 0 0 0 0 75
-2 75
+1 150
+7 194 194 0 0 61 0 0 5
-6 768 0 0 0 0 0 0 0 0 194 14
fi=(308)
81 186 186 0 0 186 0 0 17
fi=(301)
190 372 0 0 0 0 0 0 0 0 186 32
fi=(308)
81 75 75 0 1 75 0 1 3
fi=(301)
190 150 0 0 0 0 0 0 0 0 75 32
506 134 0 0 0 0 0 0 0 0 67
+4 28 28
+1 28 28 0 0 13
fi=(308)
133 56 0 28
284 84 0 28
fi=(301)
517 84 0 56 0 0 28
cfi=(308)
cfn=(2790)
calls=28 23 
* 682374 233541 137894 0 34248 26941 0 5329 3408 122003 9941
fi=(308)
133 39
284 117 0 39
fi=(301)
517 117 0 78 1 0 33 1
cfi=(308)
cfn=(2790)
calls=39 23 
* 195379 66833 39413 0 9771 7564 0 1400 885 34926 2825
fi=(304)
68 201 134 0 0 23 0 0 0 0 67
-6 134 67 67 0 0 46 0 0 1
fi=(301)
518 67
fi=(304)
63 67 0 67
fi=(301)
518 67
+2 67 0 67 1 0 31 1 0 1
fe=(300)
294 134
fi=(301)
518 67 0 67 0 0 5
fe=(300)
294 335 67 67 0 22
cfi=(301)
cfn=(2556)
calls=67 144 
* 3530165 585794 224408 0 8017 5637 0 430 35 369115 17510 270 1
-36 134 0 0 0 0 0 0 0 0 67 2
+39 75
+1 825 675 0 2 150 0 1 0 0 75
fi=(325) /home/max/projects/corintho-ai/bench/../corintho_ai/cpp/src/move.cpp
21 246 0 123 1 0 0 1
cfi=(300)
cfn=(2780)
calls=123 241 
* 6281864 2136117 1240244 48 297341 209459 48 564 1601 1114863 88367
* 246
fi=(301)
199 32 0 24 1 0 8 1
cfi=(308)
cfn=(2790)
calls=8 23 
* 17509 6022 3530 0 779 538 0 7 5 3132 273
fi=(304)
68 32 24 0 0 0 0 0 0 0 8 1
-6 8 8
fi=(301)
202 8 0 0 1 0 0 1
fi=(308)
89 8
fi=(301)
202 8
fi=(304)
62 8 0 8 0 0 4
+1 8 0 8
fi=(301)
201 32 0 8 0 0 1
+1 8 0 8
cfn=(2806) TrainMC::createRoot(Game const&, int)
calls=8 +9 
* 8925 772 1051 0 9 1 0 0 0 860 65
+2 8 8
fi=(321)
29 8
fi=(301)
204 8 8 0 1 4 0 1
fi=(309)
+80 8
fi=(267) /usr/include/c++/13/bitset
506 8 8
fi=(309)
278 16
fi=(321)
29 48 16 8 0 11 8
fi=(309)
278 16
fi=(321)
29 24 8 8 1 0 3 1
fi=(309)
278 16
fi=(321)
29 24 8 8 0 1
fi=(309)
278 16
fi=(321)
29 24 8 8 0 1 5
fi=(309)
278 16
fi=(321)
29 24 8 8 1 0 0 1
fi=(309)
278 16
fi=(321)
29 24 8 8 0 0 3
fi=(309)
278 16
fi=(321)
29 24 8 8
fi=(309)
278 16
fi=(321)
29 24 8 8 1 2 5 1
fi=(309)
278 16
fi=(321)
29 24 8 8
fi=(309)
278 16
fi=(321)
29 24 8 8 1 1 3 1
fi=(309)
278 16
fi=(321)
29 24 8 8
fi=(309)
278 16
fi=(321)
29 24 8 8 0 2 5
fi=(309)
278 16
fi=(321)
29 24 8 8 1 0 0 1
fi=(309)
278 16
fi=(321)
29 16 0 8 0 0 3
fi=(309)
278 8
fi=(321)
29 32 16 8 1 3 0 1
fi=(309)
284 8 8 0 0 8
fi=(321)
29 8 0 8 0 0 5
fi=(309)
284 216 16 0 1 0 0 1
-1 8 0 8
+1 112 8 0 1 0 0 1
-1 8 0 8
+1 112 8 0 1 0 0 1
-1 8 0 8
+1 120 8 0 1 0 0 1
-1 8 0 8
+1 104 8 0 1 0 0 1
-1 8 0 8 0 0 3
+1 8 8
fi=(280)
1283 16 16
fi=(309)
284 16
-1 8 0 8
fi=(280)
1283 8 0 0 1 0 0 1 0 0 8
fi=(281) /usr/include/c++/13/bits/new_allocator.h
191 8 8
fi=(280)
1288 8
fi=(281)
191 8 0 8 0 0 8
fi=(280)
1288 8 0 8
fi=(301)
207 24 0 8
fe=(300)
+82 8
fi=(301)
508 39 39 0 1 4 0 1
fi=(308)
137 39 0 39
+1 39
-85 48 48 0 1 30 0 1
+36 48 48
fe=(300)
279 96
fi=(308)
53 96 0 96 0 0 96
fe=(300)
279 96 0 96 1 0 0 1
cfi=(301)
cfn=(2806)
calls=48 -68 
* 53424 4752 6480 3 33 30 3 0 0 5376 311
+3 192 144 0 0 0 0 0 0 0 48
+16 48
-16 240
+16 288 288 0 0 48
-16 48 0 0 1 0 0 1
cfi=(301)
cfn=(2556)
calls=48 144 
* 11136 2208 1728 12 168 318 12 0 0 288 4

fl=(280)
fn=(2576) void std::vector<std::unique_ptr<unsigned char [], std::default_delete<unsigned char []> >, std::allocator<std::unique_ptr<unsigned char [], std::default_delete<unsigned char []> > > >::_M_realloc_insert<std::unique_ptr<unsigned char [], std::default_delete<unsigned char []> > >(__gnu_cxx::__normal_iterator<std::unique_ptr<unsigned char [], std::default_delete<unsigned char []> >*, std::vector<std::unique_ptr<unsigned char [], std::default_delete<unsigned char []> >, std::allocator<std::unique_ptr<unsigned char [], std::default_delete<unsigned char []> > > > >, std::unique_ptr<unsigned char [], std::default_delete<unsigned char []> >&&) [clone .constprop.0]
1898 10 0 0 1 0 0 1
fi=(282)
445 70 0 60 0 0 10
fe=(280)
993 50 20 0 1 0 0 1
1898 20 0 0 0 0 0 0 0 0 10
fi=(306) /usr/include/c++/13/bits/stl_iterator.h
1337 40
fi=(268)
262 20 0 0 0 0 0 0 0 0 10 1
fe=(280)
1901 9
+1 18 0 0 0 0 0 0 0 0 9
381 18 0 0 0 0 0 0 0 0 9 2
fi=(283) /usr/include/c++/13/bits/stl_uninitialized.h
1104 9 0 0 1 0 0 1
fe=(280)
381 9
fi=(283)
1103 36
fi=(307)
302 9 9 0 0 8
fi=(283)
1104 18
fi=(307)
302 9 0 9
fi=(283)
1104 18 0 0 0 0 0 0 0 0 9 3
fi=(307)
302 502 502 0 0 62
fi=(283)
1104 1004
fi=(307)
302 502 0 502 0 0 55 0 0 44
fi=(283)
1104 1004 0 0 0 0 0 0 0 0 502 18
fi=(282)
483 9
fi=(283)
1104 20 0 0 1 0 0 1 0 0 10 5
fi=(307)
302 10
fe=(280)
+87 39 0 9 0 0 0 0 0 0 10 3
fi=(281)
172 9
fi=(282)
520 18 9
fi=(281)
172 9 0 9
cob=(4)
cfi=(178)
cfn=(2222)
calls=9 0 
* 966 286 146 4 60 1 0 0 0 128 21 27 10
* 9 9
fi=(282)
523 9 0 9
-2 9 0 9
+3 72 63
-1 1 0 1
-2 1 0 1
+3 8 7
fi=(281)
151 30 0 20 1 0 7 1
cob=(4)
cfi=(178)
cfn=(2092)
calls=10 0 
* 2182 427 248 3 146 33 2 0 4 423 57 20
fi=(307)
302 10 10
fi=(281)
151 10
fi=(282)
523 10
fi=(307)
302 10 10
fi=(283)
1104 10
fi=(277)
186 10 0 10
fi=(282)
483 10
fi=(307)
302 10 0 10 0 0 6 0 0 2
fi=(283)
1104 13 0 0 1 0 0 1 0 0 11 4
fe=(280)
1902 4 0 0 1 0 0 1
fi=(281)
151 2
fe=(280)
1902 27
fi=(281)
151 18
fe=(280)

fl=(278) /home/max/projects/corintho-ai/bench/../corintho_ai/cpp/src/mlp.cpp
fn=(2704) (anonymous namespace)::dense(float const*, int, int, int, float const*, float const*, int, float*, bool)

fn=(2688) Mlp::evaluateParallel(float const*, int, float*, float*, int) const [clone ._omp_fn.0]

fl=(309)
fn=(2592)
340 232990 0 0 1 0 0 1
fi=(308)
+28 232990 0 232990
fe=(309)
-26 232990 0 0 1 0 0 1
fi=(308)
+26 2096910 0 1397940 0 0 144
fi=(267)
506 698970 232990 232990
fe=(309)
341 232990
fi=(267)
506 232990 232990 0 1 0 0 1
fe=(309)
340 232990
+21 232990
-21 232990
+21 232990
-20 232990
-1 232990
+1 698970
+1 698970
+1 232990
-1 232990
+1 698970 0 0 1 0 0 1
+17 465980
-17 232990
-3 232990
+1 931960
+1 931960
+1 698970
-2 465980
+2 232990
-2 465980 0 0 1 0 0 1
+1 931960
+1 698970
+1 232990
+21 232990
-21 232990
-1 232990
-3 232990
+4 2329900 0 465980 1 0 0 1
-3 698970
+28 232990
-1 232990 0 232990 0 0 150
-27 931960 0 232990
+29 465980 0 232990
-28 1397940 0 465980 1 0 0 1
+1 931960
+1 698970
+22 465980
-22 232990
+26 232990
-4 698970 0 232990 1 0 0 1
+4 1164950 0 232990
59 232990
+2 232990 232990
+1 465980 0 0 0 0 0 0 0 0 232990 32831
-1 465980 465980
+1 931960 0 0 0 0 0 0 0 0 465980 96249
-2 2562890 465980 0 0 0 0 0 0 0 698970 14951
+55 698970 465980
+3 1397940 232990 0 1 0 0 1
+1 232990
-1 465980 0 232990
+3 232990 232990
-13 465980 232990
+9 232990
-1 465980 232990
+1 232990
-1 232990
-1 232990 0 0 1 0 0 1
+2 232990
+4 232990 232990
-4 232990 0 232990
-2 232990 0 232990
+6 931960 232990 0 0 0 0 0 0 0 232990 178
+1 160 0 160
-1 2329900 931960 0 1 0 0 1 0 0 465980 29
+8 232990
+3 232990
-1 232990
+4 232990
-3 232990
-3 232990
+2 232990
+1 232990
+3 232990 0 0 1 0 0 1
+7 232990 232990
-13 232990
+12 232990 232990
+11 232990
+1 232990
-11 232990
+10 232990
+1 232990
-12 232990
+8 232990
+4 232990
-12 232990
+9 232990
-1 232990
+1 232990
-1 232990
+1 232990
-1 232990
+2 232990
+4 232990
-4 232990
+4 232990 0 0 1 0 0 1
-4 232990
+3 232990
+2 232990
-2 232990
+2 232990
-5 232990
+3 232990
+6 232990
-7 232990
-13 232990 232990
+20 232990
-1 232990
-19 232990
+19 232990
+1 232990
+4 232990
-4 465980 0 232990 1 0 0 1
+4 232990 0 0 0 0 0 0 0 0 232990 27853
+3 49840
-2 49840
+2 174440
-3 49840 0 0 0 0 0 0 0 0 24920 910
+1 1746
+2 6111
-3 26666 0 24920 0 0 0 0 0 0 873 17
+6 465980 0 0 0 0 0 0 0 0 232990 26747
+3 71625 23875 0 1 0 0 1
-2 47750
+2 167125
-3 47750 0 0 0 0 0 0 0 0 23875 867
+1 1344
+2 4704
-3 1344 0 0 0 0 0 0 0 0 672 33
41 77403 0 23875 1 0 0 1 0 0 23875 630
fi=(265) /home/max/projects/corintho-ai/bench/../corintho_ai/cpp/include/util.h
+89 2889 0 2889
-11 5778
fi=(324) /home/max/projects/corintho-ai/bench/../corintho_ai/cpp/include/game.h
-31 2889
fi=(265)
+42 2889
-12 11556 0 5778
+12 5778 0 0 1 0 0 1
fe=(309)
+55 2889 2889
-1 2889 2889
+1 14445
fi=(265)
-23 5778
fe=(309)
+23 5778 5778 0 0 2775 0 0 23
fi=(265)
-23 2889 2889 0 0 2707 0 0 8
+1 5778 0 0 0 0 0 0 0 0 2889 462
fe=(309)
+22 450 450
-1 450 450
+1 2250
fi=(265)
-23 900
fe=(309)
+23 900 900 0 0 319 0 0 2
fi=(265)
-23 450 450 0 0 123
+1 9036 0 5424 1 0 0 1 0 0 450 194
+1 2712
fi=(324)
-75 2712
fi=(265)
+75 2712
fe=(309)
+27 2712 2712 0 0 1634
fi=(324)
88 2712
+1 5424 0 0 0 0 0 0 0 0 2712 718
fi=(265)
+75 3350
fi=(324)
-75 3350
fi=(265)
+75 3350
fe=(309)
+27 3350 3350 0 0 1188
fi=(324)
88 3350
+1 6700 0 0 0 0 0 0 0 0 3350 727
+1 15237 0 0 0 0 0 0 0 0 5079 1004
+1 16840 4210
fi=(265)
+39 16840
+33 8420 0 0 0 0 0 0 0 0 4210 467
-33 7408
+33 9128 5424 0 0 0 0 0 0 0 1852 341
+4 5424 2712
+1 5424 0 0 0 0 0 0 0 0 2712 207
-1 1254 627 0 1 0 0 1
+1 1254 0 0 0 0 0 0 0 0 627 25
-23 3339 0 3339 1 0 0 1
+1 3339
fe=(309)
+36 10017 3339 0 0 0 0 0 0 0 3339 530
fi=(265)
-37 5778 5778
-3 2889
+3 5778 2889 2889
+1 2889
fi=(323)
-45 2889 2889
fi=(265)
+41 8667
fi=(308)
377 2889
fi=(323)
101 2889 0 2889
fi=(308)
373 3123 117 117 0 0 0 0 0 0 2889 206
+20 2562890 2096910 0 2 634 0 2 0 0 232990 181
fe=(309)
71 3448470
+2 574745
-2 3448470
+2 574745 0 0 1 0 0 1
-2 1149490
+1 574745
+1 574745
-2 574745
+1 574745
-1 574745
+2 574745
-2 1149490
+1 574745
+2 574745
-3 1149490
+1 574745
+1 574745
-1 574745 0 0 1 0 0 1
-1 574745
+1 574745
-1 574745
+3 574745
-2 574745
+1 574745
-1 574745
+1 574745
+1 574745
-2 574745
+1 1724235
-1 574745
+1 1149490
-1 574745 0 0 1 0 0 1
+1 1149490
-1 574745 0 574745
+4 574745
-3 2873725 0 574745 0 0 343
+3 586301 0 0 1 0 0 1 0 0 574745 3017
+3 2889 2889
+1 5778 0 0 0 0 0 0 0 0 2889 731
-1 8667 8667
+1 17334 0 0 0 0 0 0 0 0 8667 1905
+3 11564
-2 5782
+1 2891
+1 5782 2891 0 0 2553 0 0 2
+1 5782 0 0 0 0 0 0 0 0 2891
-3 448
+1 224
+1 448 224
+1 448 0 0 0 0 0 0 0 0 224
+1 6230
+2 3115
-2 6230 0 3115
-5 9121 0 0 0 0 0 0 0 0 3115 249
+10 2891 2891
+1 5782 0 0 0 0 0 0 0 0 2891 29
-1 8665 8665 0 1 0 0 1
+1 17330 0 0 0 0 0 0 0 0 8665 501
+3 896
-2 448
+1 224
+1 448 224
+1 448 0 0 0 0 0 0 0 0 224
+1 448
+2 224
-2 448 0 224
-5 672 0 0 0 0 0 0 0 0 224
-13 37557 0 0 0 0 0 0 0 0 11556 3249
fi=(323)
+23 23301 23301 0 1 0 0 1
fi=(265)
+41 116505 23301
fi=(323)
-41 23301 0 23301
fi=(304)
-33 465746 232873 0 1 0 0 1 0 0 232873 8
-24 698619 232873 0 0 0 0 0 0 0 232873 3141
+2 265186 132593 132593 0 120467
fi=(265)
163 132593 132593
fi=(308)
385 132593 132593
fi=(320)
169 265186 0 265186 0 0 124854 0 0 46
fi=(265)
-6 132593
fi=(308)
385 132593 0 132593
fi=(265)
163 232873 100280 0 0 0 0 0 0 0 132593 740
fi=(308)
385 100280 100280
fi=(320)
169 200560 0 200560 1 0 100280 1
fi=(265)
-6 100280
fi=(308)
385 100280 0 100280 0 0 213
fi=(265)
163 100280 0 0 0 0 0 0 0 0 100280 377
fi=(308)
386 463566
+4 463566
+1 231783
-1 927132 231783 0 0 24105
fi=(265)
163 231783
fi=(308)
390 231783 0 231783
fi=(265)
163 231783 0 0 1 0 0 1 0 0 231783 1240
fi=(308)
390 5485104
+1 2742552
-1 10970208 2742552 0 0 82496 0 0 1439
fi=(265)
163 2742552
fi=(308)
390 2742552 0 2742552
fi=(265)
163 2742552 0 0 0 0 0 0 0 0 2742552 230641
-1 231783 231783
fi=(308)
386 463566
+4 231783
+1 231783
-1 231783 0 231783
fi=(265)
163 463566 0 0 0 0 0 0 0 0 231783 69
fi=(308)
390 2742552
+1 2742552
-1 2742552 0 2742552
fi=(265)
163 5948670 231783 0 0 0 0 0 0 0 2742552 229973
+5 463566
-1 231783
+1 233963 0 0 0 0 0 0 0 0 231783 106
-1 1090
+1 233870 0 0 0 0 0 0 0 0 1090 2
fi=(308)
390 232780 0 0 1 0 0 1
fi=(265)
169 232780
fi=(308)
391 232780
-1 232780 232780 0 0 86 0 0 1
fi=(265)
169 465560
fi=(308)
390 698340
fi=(265)
168 232780
fi=(308)
390 232780 0 232780
fi=(265)
168 232780 0 0 0 0 0 0 0 0 232780 643
fi=(308)
390 5932227
fi=(265)
169 5932227
fi=(308)
391 5932227
-1 5932227 5932227 0 0 37870 0 0 562
fi=(265)
169 11864454
fi=(308)
390 17796681
fi=(265)
168 5932227
fi=(308)
390 5932227 0 5932227
fi=(265)
168 6165007 0 0 0 0 0 0 0 0 5932227 231183
fi=(308)
390 232780
+1 232780
-1 232780 0 232780
fi=(265)
168 465560 0 0 0 0 0 0 0 0 232780 159
fi=(308)
390 5932227
+1 5932227
-1 5932227 0 5932227
fi=(265)
168 12097234 0 0 0 0 0 0 0 0 5932227 230183
fi=(304)
50 300840 100280 0 1 0 0 1 0 0 100280 2974
+2 100067 100067 0 0 75
+2 200134 0 100067
-1 200134 0 100067
+2 100067
-1 213 0 213 0 0 213
-1 426 0 213
+2 213
fe=(309)
-14 418230 0 0 1 0 0 1 0 0 209115 2433
fi=(265)
142 206800
fi=(323)
-41 206800 206800
fi=(265)
+41 827200 206800
fi=(323)
-41 206800 0 206800
fi=(308)
373 206800 0 0 0 0 0 0 0 0 206800 12
fi=(277)
1085 426 0 213 1 0 0 1
cob=(4)
cfi=(178)
cfn=(2402)
calls=213 0 
* 58710 11546 6725 1 3273 956 0 0 244 9418 471 639 214
* 852 0 213
cob=(4)
cfi=(178)
cfn=(2212)
calls=213 0 
* 13963215 639 13959168 0 615 218111 0 0 217897 13960020 230 213
176 213 0 213 0 0 213
fi=(282)
-62 639 426 0 1 213 0 1 0 0 213 8
fi=(307)
302 206 0 206 0 0 206 0 0 15
fi=(282)
119 412 0 206
fi=(277)
+80 206 206
fi=(304)
79 412
fi=(277)
199 7 7
fi=(304)
79 14
fi=(308)
386 2180
fi=(282)
123 14 0 7
cfi=(280)
cfn=(2576)
calls=7 1898 
* 5719 1098 867 7 215 94 3 0 50 950 80 35 8
fi=(277)
673 21 7 0 0 0 0 0 0 0 7 1
fi=(306)
1077 7 7
fi=(277)
141 7
fe=(309)

fl=(301)
fn=(2556)
144 206906 14779 133011 2 0 91 2
-75 14779 14779 0 0 14537
+75 59116 14779 29558 0 23
+4 29558 0 0 0 0 0 0 0 0 14779 9811
+15 44193 14731 0 1 3658 0 1 0 0 14731 16
fi=(280)
993 29366 29366 0 0 5823
fe=(301)
172 43982 14616 0 0 0 0 0 0 0 14683 3
299 29232 0 14616
-70 43848 29232 14616 0 476
+71 14616 14616 0 1 0 0 1
+1 14616
+19 14616 0 14616
-20 29232 14616 14616 0 14578
+1 146160 14616 14616 0 14519 0 0 0 0 14616
-1 217490 217490
+1 217490
+19 217490 0 217490
-20 434980 217490 217490 0 23707
+1 3567536 217490 449596 1 214488 51 1 0 0 449596 3
fi=(308)
85 232106 232106
fe=(301)
301 464212
+1 696318 232106 0 1 0 0 1
-78 696318 232106 0 0 40105 0 0 0 0 232106
-1 232106 232106
+1 232106
-1 464212
fi=(308)
98 464212 232106 0 0 151224
fe=(301)
225 928424 232106 232106 0 208464 113
-1 232106
+2 232106 0 0 1 0 0 1
-2 464212 0 0 0 0 0 0 0 0 232106 366
fi=(308)
98 17757974 8878987 0 0 270727
fe=(301)
225 35515948 8878987 8878987 0 782044 57
-1 8878987
+2 8878987
-2 17757974 0 0 0 0 0 0 0 0 8878987 231791
+5 2553166 464212 232106
+1 461456 0 0 0 0 0 0 0 0 232106 520
+1 1146750 229350 229350 1 0 0 1
-1 229350 0 0 0 0 0 0 0 0 229350
+1 688050 229350 229350
-1 229350 0 0 0 0 0 0 0 0 229350 3
+1 688041 229347 229347 1 0 0 1
-1 229347 0 0 0 0 0 0 0 0 229347 443
+1 686754 228918 228918
-1 228918 0 0 0 0 0 0 0 0 228918 56649
+1 413388 137796 137796
-1 137796 0 0 1 0 0 1 0 0 137796 49
+1 96 48 48
-1 2237448 229350 0 0 0 0 0 0 0 430130 87160
+1 260394 86798 86798 1 0 0 1
-1 433990 0 0 0 0 0 0 0 0 86798 17809
+1 925110 185022 185022
-1 555066 0 0 0 0 0 0 0 0 185022 66665
+1 97952
-1 97952
+1 97952 97952
-1 97952
+1 97952 0 97952
-1 97952 0 0 0 0 0 0 0 0 97952 36324
+1 127365 42455 42455
+73 5106332 232106 696318 2 4712 45 2 0 0 464212 1626
-51 232106 0 0 1 0 0 1
-14 464212 0 232106
+1 696318 0 232106
-1 928424
+1 928424 0 0 1 0 0 1
+1 696318
+15 232106
fi=(268)
-18 464212
fe=(301)
+19 464212 0 0 0 0 0 0 0 0 232106 7068
-18 5473792
+1 5473792
+1 4105344
+15 1368448
fi=(268)
-18 2736896
fe=(301)
+19 10739666 0 0 0 0 0 0 0 0 1368448
+1 1600554
-1 1600554
+2 1600554
-1 4801662 1600554 1600554 1 90031 123 1 14
-1 1600554
+3 1600554
-3 1600554 0 0 0 0 0 0 0 0 1600554 40655
+1 7510539
-1 7510539
+2 7510539
-1 22531617 7510539 7510539 0 406377 134 0 50
-1 7510539
+3 7510539
-3 7510539 0 0 0 0 0 0 0 0 7510539 141679
-3 10739666 0 0 0 0 0 0 0 0 1600554 49604
+9 2553166 1160530 232106 1 0 0 1
+1 461456 0 0 0 0 0 0 0 0 232106 2291
+1 1146750 229350 229350 1 0 0 1
-1 229350 0 0 0 0 0 0 0 0 229350 1
+1 688050 229350 229350
-1 229350 0 0 0 0 0 0 0 0 229350 13889
+1 688041 229347 229347
-1 229347 0 0 0 0 0 0 0 0 229347 445
+1 686754 228918 228918 1 0 0 1
-1 228918 0 0 0 0 0 0 0 0 228918 54521
+1 413388 137796 137796
-1 137796 0 0 0 0 0 0 0 0 137796 49
+1 96 48 48
-1 2237448 229350 0 1 0 0 1 0 0 430130 44428
+1 260394 86798 86798
-1 433990 0 0 0 0 0 0 0 0 86798 18277
+1 925110 185022 185022
-1 555066 0 0 0 0 0 0 0 0 185022 66646
+1 97952
-1 97952
+1 97952 97952
-1 97952
+1 97952 0 97952
-1 97952 0 0 0 0 0 0 0 0 97952 36322
+1 127365 42455 42455
+4 42455 42455
+3 42455
+22 42455
-22 297185 0 0 0 0 0 0 0 0 42455 6
-3 189651 189651 0 1 0 0 1
+3 189651 0 0 1 0 0 1
+22 189651
-22 2488087 0 232106 1 0 142 1 0 0 421757 71
+2 232106
-2 232106
+2 464212 0 0 0 0 0 0 0 0 232106 1
-1 232106
+2 696318 464212 232106 0 0 15205
-1 232106
+2 232106
-2 464212 0 0 0 0 0 0 0 0 232106 17
+1 26636961 17757974 8878987 0 0 3172
-1 8878987
+2 8878987
-2 17757974 0 0 0 0 0 0 0 0 8878987 231899
+5 696318 464212 0 1 0 0 1
+1 464212 232106
-1 232106
+2 232106
+8 464212 232106
fi=(268)
-27 232106
fi=(308)
-95 232106
fe=(301)
289 232106
fi=(268)
-27 464212
fi=(308)
-95 232106 232106
fe=(301)
281 232106 0 0 1 0 0 1
fi=(308)
167 464212
fe=(301)
291 232106
fi=(308)
167 464212
fe=(301)
281 232106
fi=(308)
167 232106 0 232106
fe=(301)
281 232106 0 0 0 0 0 0 0 0 232106 57
+8 17757974 8878987
fi=(268)
-27 8878987
fi=(308)
-95 8878987
fe=(301)
289 8878987
fi=(268)
-27 17757974
fi=(308)
-95 8878987 8878987
fe=(301)
281 8878987
fi=(308)
167 17757974
fe=(301)
291 8878987
fi=(308)
167 17757974
fe=(301)
281 8878987
fi=(308)
167 8878987 0 8878987
fe=(301)
281 8878987 0 0 0 0 0 0 0 0 8878987 230178
+12 928424 232106
fi=(308)
147 232106 0 232106
fe=(301)
310 232106 232106
-1 696318 464212 0 1 0 0 1
+1 232106 232106 0 0 31656
-1 232106 232106 0 0 22096
+1 232106 0 0 0 0 0 0 0 0 232106 104
+2 992109
fi=(308)
202 1984218 992109 992109 0 85936
+1 992109 0 992109
cfn=(2730)
calls=992109 +66 
* 22818531 9921084 2976327 0 1097835 1064303 0 0 0 1984230 496
fe=(301)
314 992109 992109
fi=(308)
161 992109 0 992109
+1 992109 0 992109
cfn=(2730)
calls=992109 269 
* 22818531 9921084 2976327 0 0 0 0 0 0 1984230 705
fe=(301)
315 3968436 992109
+1 1984218 992109 992109
-6 1984218 992109 0 0 58833 0 0 0 0 992109 246584
+9 232106 232106 0 1 0 0 1
fi=(308)
202 464212 232106 232106 0 1324
+1 232106 0 232106
cfn=(2730)
calls=232106 +66 
* 928424 464212 0 2 0 0 2 0 0 232106 107
fi=(280)
993 696318 696318
fe=(301)
299 232106 0 232106
fi=(280)
993 232106
fe=(301)
299 232106 232106
fi=(280)
993 232106
fe=(301)
299 464212 0 0 1 0 0 1 0 0 232106 14553
+22 14616 14616
fi=(308)
161 14616 0 14616
+1 14616 0 14616
cfn=(2730)
calls=14616 269 
* 58464 29232 0 0 0 0 0 0 0 14616 4
fi=(280)
1606 14616 14616
1935 43848 14616 0 0 0 0 0 0 0 14616
+4 14616 0 14616
fe=(301)
181 29232 14616
-6 14616 14616
+6 14616 14616
-6 14616
+6 14616
-6 14683 67 0 1 0 0 1 0 0 14616
+6 67 67
-6 67
+6 67
-6 67 0 0 0 0 0 0 0 0 67
-1 14683
+1 14683
-1 29243 0 0 0 0 0 0 0 0 14683 129
+1 1397316 698658 0 0 334 0 0 0 0 465772
662 232886
-1 232886 0 232886
+1 232886 0 232886
+1 232886 232886
fi=(308)
108 232886
fe=(301)
663 931544 232886 232886 1 67 1 1 0 0 232886
-36 465772 232886 0 0 4166
-39 10962248 2989704 0 1 61471 0 1 88 0 996568 9
fi=(308)
212 996568
fe=(301)
588 996568
fi=(308)
212 3986272 996568 0 0 337631 0 0 365 0 1993136 77082
+5 922940 922940
+3 922940 922940
-3 922940
+1 1845880
+1 922940 0 0 1 0 0 1
fe=(301)
594 1845880 0 0 0 0 0 0 0 0 922940
+19 4614700 922940 0 0 0 0 0 0 0 922940 10
+5 54130425 18043475 0 0 334220 0 0 137 0 18043475 32861
fi=(308)
104 89867150 17973430 0 1 392915 0 1 155
fe=(301)
622 17973430
fi=(308)
104 53920290 17973430
fe=(301)
623 17973430
-1 17973430 0 0 0 0 0 0 0 0 17973430
+4 17973430
+1 17973430
-1 71893720 53920290 0 0 442270 0 0 138
+1 35946860
-1 35946860
+3 17973430
+1 35946860
-17 54130425 0 0 1 0 0 1 0 0 18043475 990050
fi=(308)
85 922940 922940
fe=(301)
636 1845880 0 0 0 0 0 0 0 0 922940 315847
+13 1527364 0 0 0 0 0 0 0 0 763682 22
fi=(280)
993 931544 232886 0 1 0 0 1
fe=(301)
175 684215 451329 0 0 0 0 0 0 0 232886 14443
-1 218443
+1 218443
-1 218443 0 0 0 0 0 0 0 0 218443 121
+7 1221 0 0 0 0 0 0 0 0 240
+2 192127 147790 0 1 11949 0 1 0 0 14779 2
fi=(308)
+9 763682 0 0 1 0 0 1
fe=(301)
654 763682 763682 0 0 258695 0 0 68
fi=(308)
192 763682 0 763682
+1 763682 0 763682
cfn=(2730)
calls=763682 +76 
* 13223832 5809092 1605648 0 21347 0 0 19 0 1298898 131839
fe=(301)
680 763682 763682
fi=(308)
202 2291046 1527364 763682
+1 763682 0 763682
cfn=(2730)
calls=763682 +66 
* 13223832 5809092 1605648 0 0 0 0 0 0 1298898 281
fe=(301)
716 763682 0 763682
-53 763682 763682 0 0 362387 0 0 293
fi=(308)
108 763682
fe=(301)
663 1527364 0 0 0 0 0 0 0 0 763682
-9 1527364
fi=(308)
177 73628 73628 0 1 45673 0 1 132
-1 73628 73628
+3 147256 73628
-2 73628
-1 73628
+1 147256
+4 220838 0 0 0 0 0 0 0 0 73628 46
-4 515074 73582 0 1 0 0 1
-1 147164 73582
+1 73582
+6 147164 0 0 0 0 0 0 0 0 73582 28282
-6 13861230 2772246 0 0 35107 0 0 125
-1 5544492 2772246
+1 2772246
+6 5544492 0 0 0 0 0 0 0 0 2772246 168414
+1 176955
+1 176955
-4 8537484 0 0 0 0 0 0 0 0 2845828 74068
fi=(319) /usr/include/c++/13/bits/move.h
+16 73628 73628
+1 220884 73628 147256 1 0 87 1
+1 73628 0 73628
fi=(308)
85 73628 73628
fe=(301)
636 147256 73628 0 0 0 0 0 0 0 73628
fi=(308)
104 515396 220884
fe=(301)
637 73628
+1 147256 73628 0 1 0 0 1 0 0 73628 172
fi=(308)
98 73628 73628
fe=(301)
644 73628
fi=(308)
98 220884 0 73628
fe=(301)
641 294558 73628 0 0 0 0 0 0 0 73628 9
fi=(308)
192 92 0 46
+1 46 0 46
cfn=(2730)
calls=46 +76 
* 1058 460 138 0 9 0 0 0 0 92
-1 465680 0 232840
+1 232840 0 232840
cfn=(2730)
calls=232840 +76 
* 5271340 2293040 685260 0 21997 0 0 8 0 461260 2281
fe=(301)
680 232886 232886
fi=(308)
202 698658 465772 232886 1 0 0 1
+1 232886 0 232886
cfn=(2730)
calls=232886 +66 
* 5272398 2293500 685398 0 0 0 0 0 0 461352 2166
fe=(301)
700 232886
fi=(304)
68 232886 232886 0 0 3458
fe=(301)
700 232886 0 0 0 0 0 0 0 0 232886 55
fi=(304)
68 477774 0 0 0 0 0 0 0 0 159258
-24 477774 159258 0 1 0 0 1 0 0 159258 5224
+2 178086 89043 89043 0 78653
fe=(301)
711 356172 267129 0 0 65166 0 0 74
fi=(308)
89 89043 89043
fe=(301)
711 267129 0 89043
cfi=(308)
cfn=(2734)
calls=89043 38 
* 106289282 10344170 13758752 0 194392 193580 0 1395 15101 10439388 489283 36707 180
* 280860 210645 0 0 51737
fi=(308)
89 70215 70215 0 0 66
fe=(301)
711 210645 0 70215
cfi=(308)
cfn=(2734)
calls=70215 38 
* 94110355 8294507 20080529 22 108171 337118 17 17 152636 17458518 390377 29116 317
fi=(308)
133 159258 0 159258 0 0 163
fe=(301)
712 159258 0 159258 0 0 163
+1 159258 159258
fi=(308)
108 159258
fe=(301)
721 465772 0 0 1 0 0 1 0 0 232886 287
fi=(308)
141 232769 232769 0 0 266
+1 232769
-1 232769 0 232769
+1 232769 0 232769
cfn=(2730)
calls=232769 269 
* 5353687 2327690 698307 0 0 0 0 0 0 465538 7
fe=(301)
743 232769 232769
fi=(321)
29 232769
fi=(280)
993 465538 465538 0 0 265
fi=(267)
506 232769 232769 0 0 90
fi=(280)
993 232769
fe=(301)
743 465538 232769 0 1 99 0 1
fi=(309)
278 465538
fi=(321)
29 1396614 465538 232769 0 4011 71745
fi=(309)
278 465538
fi=(321)
29 698307 232769 232769 0 2072 58219
fi=(309)
278 465538 0 0 1 0 0 1
fi=(321)
29 698307 232769 232769 0 1248 58154
fi=(309)
278 465538
fi=(321)
29 698307 232769 232769 0 1968 58218
fi=(309)
278 465538
fi=(321)
29 698307 232769 232769 0 2661 58178
fi=(309)
278 465538 0 0 1 0 0 1
fi=(321)
29 698307 232769 232769 0 2088 58219
fi=(309)
278 465538
fi=(321)
29 698307 232769 232769 0 1461 58154
fi=(309)
278 465538
fi=(321)
29 698307 232769 232769 1 1704 58218 1 1
fi=(309)
278 465538
fi=(321)
29 698307 232769 232769 0 2038 58178 0 3
fi=(309)
278 465538
fi=(321)
29 698307 232769 232769 0 2008 58219
fi=(309)
278 465538
fi=(321)
29 698307 232769 232769 1 2121 58154 1
fi=(309)
278 465538
fi=(321)
29 698307 232769 232769 0 1015 58218
fi=(309)
278 465538
fi=(321)
29 698307 232769 232769 1 1674 58178 1
fi=(309)
278 698307
fi=(321)
29 698307 0 232769 0 0 58219
fi=(309)
284 232769 232769 0 0 358
fi=(321)
29 931076 465538 465538 1 2987 116372 1
fi=(309)
284 6517532 465538 0 1 0 0 1
-1 232769 0 232769 0 0 29099
+1 3258766 232769 0 1 0 0 1
-1 232769 0 232769
+1 3258766 232769 0 1 0 0 1
-1 232769 0 232769 0 0 29079
+1 3491535 232769 0 1 0 0 1
-1 232769 0 232769
+1 3025997 232769 0 1 0 0 1
-1 232769 0 232769 0 0 29113
+1 232769 232769
fi=(280)
1283 465538 465538
fi=(309)
284 465538
-1 232769 0 232769
fi=(280)
1283 232769 0 0 0 0 0 0 0 0 232769
fi=(281)
191 232769 232769
fi=(280)
1288 232769
fi=(281)
191 232769 0 232769 0 0 6490 0 0 35
fi=(280)
1288 232769 0 232769 1 0 0 1
fe=(301)
750 232769 232769
181 232769 232769
750 465655 117 232769
181 117 117
750 234 0 117
fi=(308)
104 4450103 1271458 0 0 5816 0 0 1
fe=(301)
637 635729
+1 1271458 0 0 0 0 0 0 0 0 635729 165439
fi=(308)
98 318516 159258 159258 0 0 163
fe=(301)
641 159258
fi=(308)
98 318516
fe=(301)
641 159258
fi=(308)
98 159258 0 159258
fe=(301)
641 159258 0 0 0 0 0 0 0 0 159258 1045
+3 1249876 392098 0 0 64501 0 0 16 0 232840 84365
fi=(308)
176 231823 0 0 1 0 0 1
+5 231823 231823
-2 231823
-2 231823 231823 0 1 2772 0 1 2
-1 231823 231823
+1 231823
-1 231823
+1 463646
+4 695469 0 0 0 0 0 0 0 0 231823 1042
-4 1844240 230530 230530 1 3177 0 1 1
-1 461060 230530
+1 230530
+6 461060 0 0 0 0 0 0 0 0 230530 114553
-6 36496965 7299393 0 0 46248 0 0 86
-1 14598786 7299393
+1 7299393
+6 14598786 0 0 0 0 0 0 0 0 7299393 635455
+1 669666
+1 669666
-4 22820299 230530 0 0 0 0 0 0 0 7529923 239346
fi=(319)
+16 230530 230530
+1 461060 230530 230530
+1 230530 0 230530
fi=(308)
-10 230530 0 0 1 0 0 1
fi=(319)
+8 1293 1293
+1 2586 1293 1293
+1 1293 0 1293
fi=(308)
-10 1293
fe=(301)
539 125 125
+4 375 125 0 0 0 0 0 0 0 125 2
-1 402 152
+3 304 0 0 0 0 0 0 0 0 152 80
fi=(308)
125 255 51 0 0 1
fe=(301)
552 102
+3 51
-12 102 0 0 0 0 0 0 0 0 51 25
fi=(308)
98 152 0 0 1 0 0 1
-17 152 152 0 0 75
+17 304 152 0 0 1
fe=(301)
545 304 0 0 0 0 0 0 0 0 152 3
727 702 234 0 0 0 0 0 0 0 234
-1 117 117 0 0 1
fi=(308)
141 117 0 117 1 0 0 1
+1 117 0 117
cfn=(2730)
calls=117 269 
* 3159 1053 351 0 0 0 0 0 0 468 98
fe=(301)
731 585 234 0 0 0 0 0 0 0 117
+3 117 117
fi=(308)
202 117 117
fe=(301)
732 117 0 117
fi=(308)
202 117 0 117
+1 117 0 117
cfn=(2730)
calls=117 +66 
* 3159 1053 351 0 0 0 0 0 0 468 119
fe=(301)
734 661 661
fi=(308)
202 661 661 0 0 1
fe=(301)
732 661 0 661
fi=(308)
202 661 0 661
+1 661 0 661
cfn=(2730)
calls=661 +66 
* 13044 5658 1632 0 4 5 0 0 0 1237 239
fe=(301)
735 3890 2334 0 0 1
-4 1556 0 0 0 0 0 0 0 0 778 8
fi=(280)
993 234 117 0 0 1
fe=(301)
532 351 117 0 1 0 0 1 0 0 117
fi=(308)
121 1250 250
fe=(301)
534 500 0 0 0 0 0 0 0 0 250
fi=(308)
156 125 0 125
+1 250 0 125 1 0 0 1
cfn=(2730)
calls=125 269 
* 3375 1125 375 0 2 3 0 0 0 500 65
fe=(301)
532 532 266 0 0 0 0 0 0 0 133
fi=(308)
85 24 24
fe=(301)
558 48 0 0 0 0 0 0 0 0 24 10
+4 16 0 0 0 0 0 0 0 0 8 4
fi=(304)
50 210645 70215 0 0 0 0 0 0 0 70215 66
+2 70149 70149 0 0 829
+2 140298 0 70149
-1 140298 0 70149
+2 70149
-1 66 0 66 0 0 66
-1 132 0 66
+2 66
+13 73628 0 0 1 0 0 1
fe=(301)
701 73628 73628
fi=(304)
68 147256 0 0 0 0 0 0 0 0 73628
-24 220884 73628 0 0 0 0 0 0 0 73628 8448
+2 86152 43076 43076 0 38419
+1 43076
fi=(308)
156 8 0 8
+1 16 0 8
cfn=(2730)
calls=8 269 
* 216 72 24 0 0 0 0 0 0 32 10
+1 8
fi=(304)
50 91656 30552 0 1 0 0 1 0 0 30552 26
+2 30526 30526 0 0 435
+2 61052 0 30526
-1 61052 0 30526
fe=(301)
703 91578 61052
fi=(308)
89 30526 30526
fe=(301)
703 122104 30526 30526 1 0 0 1
cfi=(308)
cfn=(2734)
calls=30526 38 
* 43534561 3612344 11217800 22 46899 208309 22 9 105546 10135116 186511 427 106
fi=(304)
54 26 0 26 0 0 26
-1 52 0 26
fe=(301)
703 78 52 0 0 52
fi=(308)
89 26 26 0 0 26
fe=(301)
703 104 26 26 0 4
cfi=(308)
cfn=(2734)
calls=26 38 
* 31570 3076 3838 0 120 256 0 0 0 2906 170
* 129228 86152
fi=(308)
89 43076 43076
fe=(301)
703 172304 43076 43076
cfi=(308)
cfn=(2734)
calls=43076 38 
* 50837011 4937349 6174591 0 133964 101829 0 680 1267 4697188 261215 4 1
fi=(308)
137 147256 73628 73628 0 104
fe=(301)
704 147256 73628 73628
+1 73628 73628
fi=(308)
108 73628
fe=(301)
705 73628
fi=(280)
993 14436 14436 0 1 0 0 1
fe=(301)
181 43308 14436 0 0 19 0 0 0 0 14436
-22 28872
+70 2756 0 0 1 0 0 1
+1 5512
+33 2756
+1 5512
163 330 165 0 1 22 0 1 0 0 165 12
+3 48 48
-2 48 0 48
fi=(321)
29 48
fe=(301)
166 48 48 0 0 12
fi=(267)
506 48 48
fi=(309)
278 96
fi=(321)
29 288 96 48 1 52 48 1
fi=(309)
278 96
fi=(321)
29 144 48 48 0 4 30
fi=(309)
278 96
fi=(321)
29 144 48 48 0 1 2
fi=(309)
278 96 0 0 1 0 0 1
fi=(321)
29 144 48 48 0 4 14
fi=(309)
278 96
fi=(321)
29 144 48 48 0 5 2
fi=(309)
278 96
fi=(321)
29 144 48 48 0 1 30
fi=(309)
278 96 0 0 1 0 0 1
fi=(321)
29 144 48 48 0 2 2
fi=(309)
278 96
fi=(321)
29 144 48 48 0 5 14
fi=(309)
278 96
fi=(321)
29 144 48 48 1 2 2 1
fi=(309)
278 96
fi=(321)
29 144 48 48 0 3 30
fi=(309)
278 96
fi=(321)
29 144 48 48 0 6 2
fi=(309)
278 96 0 0 1 0 0 1
fi=(321)
29 144 48 48 0 0 14
fi=(309)
278 96
fi=(321)
29 144 48 48 0 3 2
fi=(309)
278 144
fi=(321)
29 192 48 48 1 8 30 1
fi=(309)
284 48 48 0 0 48
fi=(321)
29 144 48 96 0 0 16
fi=(309)
284 1488 96 0 2 0 0 2
-1 48 0 48 0 0 2
+1 720 48 0 1 0 0 1
-1 48 0 48
+1 768 48 0 1 0 0 1
-1 48 0 48
+1 672 48 0 1 0 0 1
-1 48 0 48
+1 528 48
-1 48 0 48 0 0 30
+1 144 48
fi=(277)
1085 132 0 66 1 0 0 1
cob=(4)
cfi=(178)
cfn=(2402)
calls=66 0 
* 20360 4033 2421 8 1061 161 5 0 83 3336 173 198 66
* 264 0 66
cob=(4)
cfi=(178)
cfn=(2212)
calls=66 0 
* 4326630 198 4325376 0 194 67584 0 0 67526 4325640 68 66
176 66 0 66 0 0 66
fi=(282)
-62 198 132 0 1 66 0 1 0 0 66 1
fi=(307)
302 65 0 65 0 0 65 0 0 7
fi=(282)
119 130 0 65
fi=(277)
+80 65 65
fi=(304)
79 130
fi=(277)
199 1 1
fi=(304)
79 2
fe=(301)
181 57765 14443 0 1 0 0 1 0 0 14443 7
fi=(282)
-58 2 0 1
cfi=(280)
cfn=(2576)
calls=1 1898 
* 424 90 70 0 21 7 0 0 0 59 5 5 1
fi=(277)
673 3 1 0 0 0 0 0 0 0 1 1
fi=(306)
1077 1 1
fi=(277)
141 1
fi=(304)
-73 96 48 0 1 1 0 1 0 0 48 1
-24 144 48 0 1 0 0 1 0 0 48 3
fi=(308)
-26 144 0 48 0 0 48
+2 48
-2 48
fi=(324)
+4 96 0 48
fi=(267)
400 48 0 48
fi=(324)
22 48 0 48 1 0 0 1
fi=(308)
-4 96 0 96 0 0 30
+2 48 0 48
-2 48 0 48
+2 96 0 48
cfi=(309)
cfn=(2592)
calls=48 340 
* 51072 4272 5904 22 45 50 22 0 0 5520 240
fi=(267)
506 48 48
fe=(301)
150 48 48
fi=(321)
29 48
fe=(301)
153 48 0 48 0 0 13
+3 48 48 0 0 36
fi=(309)
278 48
fe=(301)
150 48 0 48 1 0 0 1
fi=(309)
278 48
fi=(321)
29 288 96 48 0 2 46 0 1
fi=(309)
278 96
fi=(321)
29 144 48 48 0 0 30
fi=(309)
278 96 0 0 1 0 0 1
fi=(321)
29 144 48 48 0 0 2
fi=(309)
278 96
fi=(321)
29 144 48 48 0 0 14
fi=(309)
278 96
fi=(321)
29 144 48 48 0 0 2
fi=(309)
278 96 0 0 1 0 0 1
fi=(321)
29 144 48 48 0 0 30
fi=(309)
278 96
fi=(321)
29 144 48 48 0 0 2
fi=(309)
278 96
fi=(321)
29 144 48 48 1 0 14 1
fi=(309)
278 96
fi=(321)
29 144 48 48 0 0 2
fi=(309)
278 96
fi=(321)
29 144 48 48 0 0 30
fi=(309)
278 96
fi=(321)
29 144 48 48 1 0 2 1
fi=(309)
278 96
fi=(321)
29 144 48 48 0 0 14
fi=(309)
278 96
fi=(321)
29 144 48 48 1 0 2 1
fi=(309)
278 144
fi=(321)
29 144 0 48 0 0 30
fi=(309)
284 48 48 0 0 2
fi=(321)
29 192 96 96 1 0 16 1
fi=(309)
284 1488 96 0 1 0 0 1
-1 48 0 48 0 0 2
+1 720 48 0 1 0 0 1
-1 48 0 48
+1 768 48 0 1 0 0 1
-1 48 0 48
+1 672 48 0 1 0 0 1
-1 48 0 48
+1 528 48 0 1 0 0 1
-1 48 0 48 0 0 30
+1 192 48
fi=(280)
1283 96 96
fi=(309)
284 48
-1 48 0 48
fi=(280)
1283 144 96 0 0 0 0 0 0 0 48
fi=(309)
284 48
-1 48 0 48
fi=(280)
1283 48 0 0 0 0 0 0 0 0 48
fi=(281)
191 96 96
fi=(280)
1288 96
fi=(281)
191 96 0 96 0 0 96 0 0 14
fe=(301)
-32 96
fi=(280)
1288 192 0 96 1 0 0 1
fi=(277)
1085 52 0 26
cob=(4)
cfi=(178)
cfn=(2402)
calls=26 0 
* 6711 1324 742 0 394 42 0 0 26 1070 45 78 26
* 104 0 26
cob=(4)
cfi=(178)
cfn=(2212)
calls=26 0 
* 1704430 78 1703936 0 77 26624 0 0 26598 1704040 28 26
176 26 0 26 0 0 26
fi=(282)
-62 78 52 0 0 26 0 0 0 0 26
fi=(307)
302 26 0 26 0 0 26
fi=(282)
119 52 0 26
fi=(277)
+80 26 26
fi=(304)
79 52
-29 144 48 0 1 0 0 1 0 0 48 2
+2 46 46
+2 92 0 46
-1 92 0 46
+2 46
-1 2 0 2 1 0 2 1
-1 4 0 2
+2 2
+13 1 1 0 1 0 0 1
fi=(280)
+32 1
fi=(304)
-73 1 0 1
+41 3 0 1
-41 1 0 1 1 0 0 1
+41 1
fi=(280)
+32 1 0 1 0 0 1
fi=(304)
-73 2 0 1
+41 2 0 1
cob=(4)
cfi=(178)
cfn=(2560)
calls=1 -68 
* 1579 478 208 23 32 5 10 5 0 243 36 8 7
* 1
fi=(277)
1085 4 0 2
cob=(4)
cfi=(178)
cfn=(2402)
calls=2 0 
* 777 174 97 0 26 3 0 0 2 132 11 6 2
* 8 0 2 1 0 0 1
cob=(4)
cfi=(178)
cfn=(2212)
calls=2 0 
* 131110 6 131072 0 3 2047 0 0 2044 131080 9 2
176 2 0 2 0 0 2
fi=(282)
-62 6 4 0 0 2 0 0 0 0 2 2
fi=(277)
+85 2 2
fi=(304)
79 4
fi=(282)
+44 4 0 2 1 0 0 1
cfi=(280)
cfn=(2576)
calls=2 1898 
* 777 164 106 7 40 11 6 0 0 122 29 7 1
fi=(277)
673 6 2 0 0 0 0 0 0 0 2 1
fi=(306)
1077 2 2
fi=(277)
141 2
fe=(301)

fn=(2806)
211 728 56 336 1 0 0 1
fi=(304)
68 112 56 0 0 0 0 0 0 0 56
-24 168 56 0 0 0 0 0 0 0 56 12
+2 112 56 56 1 0 0 1
fi=(308)
-13 168 56 56 0 8 31
+2 112
-2 168 0 112
fi=(323)
+68 56 0 56
fi=(308)
-68 56 0 56
+2 56 0 56
-2 112 0 112 1 0 0 1
+2 112 0 56
cfi=(309)
cfn=(2592)
calls=56 340 
* 59717 4740 6579 0 34 0 0 0 0 6068 308
fe=(301)
213 112 56 56
+2 560 448 0 0 0 0 0 0 0 56 56

fn=(2782)
116 1599 123 738 1 0 121 1
+3 246 123 0 0 0 0 0 0 0 123 123
508 55 55
fi=(308)
284 55
137 55 0 55
284 55 0 55
fe=(301)
517 55
121 123 123 0 1 0 0 1
fi=(267)
506 123
fi=(321)
29 123 0 0 1 0 0 1
fi=(267)
506 123 123 0 0 76 0 0 1
fi=(309)
278 246
fi=(321)
29 738 246 123 0 3 121
fi=(309)
278 246
fi=(321)
29 369 123 123 1 3 0 1
fi=(309)
278 246
fi=(321)
29 369 123 123 0 2
fi=(309)
278 246
fi=(321)
29 369 123 123 0 3 121
fi=(309)
278 246
fi=(321)
29 369 123 123 1 5 0 1
fi=(309)
278 246
fi=(321)
29 369 123 123 0 2
fi=(309)
278 246
fi=(321)
29 369 123 123 1 1 0 1
fi=(309)
278 246
fi=(321)
29 369 123 123 0 2 122
fi=(309)
278 246
fi=(321)
29 369 123 123 0 4
fi=(309)
278 246
fi=(321)
29 369 123 123 1 4 0 1
fi=(309)
278 246
fi=(321)
29 369 123 123 0 4
fi=(309)
278 246
fi=(321)
29 369 123 123 1 1 122 1
fi=(309)
278 246
fi=(321)
29 369 123 123 0 1
fi=(309)
278 369
fi=(321)
29 738 246 246 1 4 0 1
fi=(309)
284 123 123
fi=(321)
29 123 0 123 0 0 122
fi=(309)
284 3321 246 0 2 0 0 2
-1 123 0 123
+1 1722 123 0 1 0 0 1
-1 123 0 123
+1 1722 123 0 1 0 0 1
-1 123 0 123
+1 1845 123 0 1 0 0 1
-1 123 0 123
+1 1476 123
-1 123 0 123 1 0 0 1
+1 492 123
fi=(321)
59 123
fi=(309)
283 123 0 123
fi=(321)
59 1476 0 1476 1 0 739 1
fe=(301)
+68 615 369 0 1 0 0 1 0 0 123
+5 984 0 0 0 0 0 0 0 0 492
+4 738 369 0 0 0 0 0 0 0 246
fi=(304)
-74 246 123 123 2 0 122 2
+1 123 0 123
fe=(301)
520 123 0 123 0 0 121
-2 369 0 123 0 0 31
142 1353 984 0 1 364 0 1 0 0 123
517 246 0 123 1 0 0 1
cfi=(308)
cfn=(2790)
calls=123 23 
* 6049976 2077873 1223455 5 290657 204814 5 510 358 1081224 87082
fi=(304)
68 246 123 0 0 0 0 0 0 0 123 15
fe=(301)
327 123 0 0 1 0 0 1
+1 492 246 0 0 0 0 0 0 0 123
-1 123
-1 123
+2 17112 0 0 0 0 0 0 0 0 5622 370
fi=(308)
104 5622 0 0 1 0 0 1
fe=(301)
329 5622
fi=(308)
104 28110 5622 0 0 153
fe=(301)
329 11244 0 0 0 0 0 0 0 0 5622 242
fi=(308)
98 5622 5622
fe=(301)
330 5622
fi=(308)
98 11244
fe=(301)
398 123 0 0 1 0 0 1
+2 123
-1 123
+1 123 0 0 0 0 0 0 0 0 123 1
+5 4491 4491 0 0 763 0 0 10
-5 8982 0 0 0 0 0 0 0 0 4491 127
+2 8982 4491 0 0 3643 0 0 39 0 4491 104
fi=(308)
73 4489 4489
fe=(301)
403 8978 0 0 1 0 0 1
+7 246 0 0 0 0 0 0 0 0 123
-3 246 123
+1 123
-1 246
+6 8982 4491 0 0 0 0 0 0 0 4491 14
+5 2 2
-7 4 0 0 0 0 0 0 0 0 2 2
+11 246 0 0 0 0 0 0 0 0 123
+12 492 123 123 1 0 121 1
cfi=(299) /usr/include/c++/13/bits/random.tcc
cfn=(2394) std::mersenne_twister_engine<unsigned long, 32ul, 624ul, 397ul, 31ul, 2567483615ul, 11ul, 4294967295ul, 7ul, 2636928640ul, 15ul, 4022730752ul, 18ul, 1812433253ul>::operator()()
calls=123 +24 
* 2829 369 123 0 190 0 0 4 0 123
* 123
+1 123
-1 123
+2 903
+4 1560 780 0 0 0 0 0 0 0 780 20
fi=(308)
73 780 780
fe=(301)
441 780
+1 1560 0 0 0 0 0 0 0 0 780 113
+6 657 657
-10 1971 0 0 0 0 0 0 0 0 657 14
+72 68 68
fi=(308)
284 136 68
133 68 0 68
284 68 0 68
fe=(301)
517 68
415 4489 4489 0 1 0 0 1
-1 8978 8978
+1 4489
-4 4489
+4 4489
-1 4489 0 4489
-3 4612 0 0 0 0 0 0 0 0 4489 136
+95 123 0 0 1 0 0 1
fi=(308)
81 123 123
fe=(301)
506 314 0 0 0 0 0 0 0 0 123 2

fl=(299)
fn=(2394)
458 123 123 0 0 67
-5 123
+5 246 0 0 0 0 0 0 0 0 123
+4 369 123 123 0 123 0 0 4
+1 492
+1 492
+1 492
+1 369
+3 123 123

ob=(2)
fl=(242) ./nptl/./nptl/pthread_mutex_unlock.c
fn=(1716) pthread_mutex_unlock@@GLIBC_2.2.5
367 1
51 3 1
+1 2 0 0 0 0 0 0 0 0 1
367 3 0 1
57 2 0 0 0 0 0 0 0 0 1 1
+8 1 0 1
-3 1 0 1
-23 1 1
+1 4 1 0 1 0 0 0 0 0 2
+1 1 0 1
+29 1
+2 1
369 2 2
74 2 0 0 0 0 0 0 0 0 1 1
+6 4 1 0 0 0 0 0 0 0 1 1
+4 3 2 0 0 0 0 0 0 0 1 1
+3 2 0 1 1 0 0 0 0 0 1

fl=(205) ./malloc/./malloc/morecore.c
fn=(718) __glibc_morecore
25 54
+1 108 54 0 0 0 0 0 0 0 54 36
-1 108 0 54
+4 54 0 54
cfi=(206) ./misc/./misc/sbrk.c
cfn=(720) sbrk
calls=95 +8 
* 2160 558 342 0 179 47 0 0 0 378 54
+1 108 0 0 0 0 0 0 0 0 54 2
+4 72 72
-7 18
+7 36 36

fl=(207) ./misc/../sysdeps/unix/sysv/linux/brk.c
fn=(722) brk
36 54
fi=(328) ./misc/../sysdeps/unix/sysv/linux/brk_call.h
-12 108
fe=(207)
+13 108 54 54
+1 108 0 0 0 0 0 0 0 0 54 2
+6 36
+1 36 36
-5 36 18 18 0 17 17
+1 36 18

fl=(305)
fn=(2568)
102 5 0 2 1 0 0 1
+4 1
-4 3 0 2
+1 1
+3 1
-4 1 0 1
+1 2 1
+3 1 0 1 1 0 0 1
cob=(4)
cfi=(178)
cfn=(2570)
calls=3 0 
* 160 38 20 4 3 1 3 0 0 29 9 1 1
+1 2 0 0 0 0 0 0 0 0 1
+3 2 0 1
+7 1 1 0 0 1
-6 1 0 1
+1 1 1
+5 1
-5 2 1 1
+1 1 0 1
+4 1 0 1
cfi=(237) ./nptl/./nptl/pthread_mutex_lock.c
cfn=(1702) pthread_mutex_lock@@GLIBC_2.2.5
calls=3 -40 
* 44 12 6 2 2 0 0 0 0 9 4
+3 2 0 0 0 0 0 0 0 0 1 1
+16 1 1 1 1 1 0 1 0 0 1
+1 2 0 1
cfi=(242)
cfn=(1716)
calls=3 367 
* 34 8 5 2 0 0 0 0 0 8 4
+2 2 1 1
+3 7 6
-18 2 0 1 1 0 0 1
cob=(4)
cfi=(178)
cfn=(1712)
calls=3 0 
* 33 13 5 1 3 0 0 0 0 6 3 1 1
+4 5 1 1 0 0 0 0 0 0 1

fl=(243)
fn=(1900)
255 65151
+1 65151
+6 65151
+1 65151 0 0 0 0 0 0 0 0 65151 940
+2 13691 13691 0 0 6272
+1 13691
+1 13691 0 0 0 0 0 0 0 0 13691 1327
+3 11175 11175 0 0 9
+1 11175 0 11175 0 0 7797 0 0 89
+1 11175 0 11175 0 0 4570 0 0 36
+3 22350 11175
+30 51460
+1 51460 0 0 0 0 0 0 0 0 51460 1231
+2 26116
+1 26116 0 0 0 0 0 0 0 0 26116 5
+33 25344 25344 0 0 4855 0 0 4
+1 25344 25344 0 0 18
+1 25344 0 25344 0 0 12289 0 0 57
+1 25344 0 25344 0 0 6735 0 0 93
+2 25344 25344
+17 26116 26116 0 0 2
+1 26116 26116
+1 26116 0 26116 0 0 9746 0 0 30
+1 26116 0 26116 0 0 3253 0 0 3
+1 26116 26116
+7 2516 2516 0 0 15
+1 2516 2516
+1 2516 0 2516 0 0 1465 0 0 10
+1 2516 0 2516 0 0 864 0 0 18
+1 2516 0 2516 0 0 2516 0 0 32
+1 2516 0 2516
+1 5032 2516
+5 2516 2516 0 0 2106
+1 2516 0 0 0 0 0 0 0 0 2516 2
+5 2516
+1 2516 0 0 0 0 0 0 0 0 2516 187
+2 2516 2516 0 0 817 0 0 2
+1 2516
+1 2516 0 0 0 0 0 0 0 0 2516 4

fl=(237)
fn=(1702)
77 1
+3 3 1 0 0 1
+2 1
+2 2 0 0 0 0 0 0 0 0 1 1
-7 4 0 2
+11 2 0 0 0 0 0 0 0 0 1 1
+91 1 1
+3 1 0 1 1
+2 1 0 1
+3 1
-63 1
+66 3 3
-93 2 0 0 0 0 0 0 0 0 1
+11 4 1 0 0 0 0 0 0 0 1
+4 1 1 0 0 1
+3 2 1 0 0 0 0 0 0 0 1 1
-71 1 1 0 1
+1 7 2 0 0 0 0 0 0 0 3 1
+1 1 0 1
+84 3 1 0 0 0 0 0 0 0 1
+1 2 0 1

fl=(202)
fn=(724) alloc_perturb
1985 1083 361 0 0 0 0 0 0 0 361
+2 361 361

fn=(1948)
3359 9
+4 18 0 0 0 0 0 0 0 0 9
-4 27 0 18
+14 9
-14 27 0 18
+12 9 9 0 0 9
+4 9 9 0 0 3
-4 9 9 0 0 9
+4 18 0 0 0 0 0 0 0 0 9
+17 27 18 0 0 0 0 0 0 0 9
fi=(203) ./malloc/./malloc/arena.c
153 27 0 0 0 0 0 0 0 0 9
fe=(202)
3398 27 0 9
cfn=(1952) _int_free
calls=688 4495 
* 597 169 92 2 21 1 0 0 0 92 21
+3 9 0 9
+1 54 45

fn=(716) _int_malloc
3846 4059 369 2583 0 9 213
1326 738 0 0 0 0 0 0 0 0 369
+19 2213 0 0 0 0 0 0 0 0 369 1
3887 736 0 0 0 0 0 0 0 0 368
1794 368 368
3914 736 0 0 0 0 0 0 0 0 368 4
+65 6
-63 12
+3 3 3 0 0 2
+2 6 0 0 0 0 0 0 0 0 3 2
+56 730 0 0 0 0 0 0 0 0 365 1
+62 7240 0 0 0 0 0 0 0 0 1448 8
+1 1092 364 0 0 360 0 0 0 0 364
+20 367 367
-1 367
-1 367
+1 734 0 367 0 0 4
+1 734 367 0 0 0 0 0 0 0 367
-2 734 367
+12 1835 367 367 0 363 0 0 0 0 367 182
-1 314 0 157
+4 314 157 0 0 148
+1 157
+2 314 0 0 0 0 0 0 0 0 157
-3 12 6 0 0 1
+1 6
+2 12 0 0 0 0 0 0 0 0 6
+1 489 163 0 0 154 0 0 0 0 163 1
+2 163 163 0 0 122
+1 652 0 0 0 0 0 0 0 0 326
+2 652 163 0 0 0 0 0 0 0 163
-10 163 163 0 0 11
+12 326 163 0 0 6 0 0 0 0 163
+1 326 163 0 0 0 0 0 0 0 163 6
+2 326 0 0 0 0 0 0 0 0 163
+11 640 0 0 0 0 0 0 0 0 320 13
+29 163 0 163
+1 163 0 163
+4 326 0 0 0 0 0 0 0 0 163
+29 326 0 0 0 0 0 0 0 0 163 38
+8 1167 0 39 0 0 0 0 0 0 243 13
+1 39
+1 39 39 0 0 39
-1 39
+4 78 0 0 0 0 0 0 0 0 39
-4 83
+1 83 83 0 0 83
-1 83
+4 166 0 0 0 0 0 0 0 0 83 3
+5 69 69
-2 69
+2 207 69 0 0 69 0 0 0 0 69 1
+1 138 0 0 0 0 0 0 0 0 69 6
+7 59 59 0 0 59
-1 236 0 59 0 0 57
+2 177 0 118
3887 2 0 0 0 0 0 0 0 0 1
+27 2 1 0 0 0 0 0 0 0 1 1
+66 5
+2 5 5 0 0 5
-2 5
+2 10 0 0 0 0 0 0 0 0 5 3
+2 2 2 0 0 2
+1 4 2 0 0 1 0 0 0 0 2
+6 2
-4 2 0 2 0 0 1
+1 2 0 2
+1 2 0 2
+2 4 0 0 0 0 0 0 0 0 2 2
+7 8 4 0 1 0 0 1 0 0 2
-1 4
+1 4 2 0 0 0 0 0 0 0 2
+5 13 4 0 1 0 0 1 0 0 3
+1 6 0 0 0 0 0 0 0 0 3 2
+2 2 0 0 0 0 0 0 0 0 1 1
-92 3 0 0 1
1345 1
3919 2 1 0 0 1
+2 2 0 0 0 0 0 0 0 0 1
+9 12
4487 4428 3321 0 0 0 0 0 0 0 369
1985 2 2
4020 2
1985 4 0 0 0 0 0 0 0 0 2 2
4163 82 0 41
+1 123
+1 41 41 0 0 40
-1 41
+57 82 41
+9 41 0 41
-9 82
+9 41 41
-9 123 0 41 0 0 40
+1 41 0 41
+1 41 0 41
+1 41 0 41 0 0 1
+1 41 0 41
+6 82 0 0 0 0 0 0 0 0 41
-10 244 122
+9 122 0 122
-9 244
+9 122 122
-9 366 0 122 0 0 114
+1 122 0 122
+1 122 0 122
+1 122 0 122
+1 122 0 122 0 0 53
+6 244 0 0 0 0 0 0 0 0 122 1
4070 489 163 0 0 0 0 0 0 0 163 79
4246 314 0 0 0 0 0 0 0 0 157 2
+11 1101 0 0 0 0 0 0 0 0 367 1
+2 1092
+3 364 364 0 0 282
-3 364
+3 728 0 0 0 0 0 0 0 0 364 2
+1 368 1 0 0 1 0 0 0 0 1
+71 1098
-4 366
+1 366
+1 366
-1 366
+1 366
+1 732 366 0 0 209
+1 1098
+5 1464 0 0 0 0 0 0 0 0 367 4
+16 64
+2 128 0 0 0 0 0 0 0 0 64
-4 142 0 0 0 0 0 0 0 0 71 6
+8 7 7 0 0 5
+3 14 0 0 0 0 0 0 0 0 7 2
+2 1
+1 1
+1 1
-2 4 0 1
-27 1
-99 652 163 163 0 0 0 0 0 0 163 1
-79 1
+8 5 0 1
4008 1 1 0 1 0 0 1
+1 1 0 1
+1 2 0 0 0 0 0 0 0 0 1 1
3159 1
4012 1 0 1
3167 1
-8 1 0 1
+4 1 1 0 0 1
4013 1 0 1
3163 1 0 1
+2 4 1 1 1 1 0 1
+1 1 1
+2 1
-2 1 0 1
+1 1 0 1
+1 1
4218 53
-48 53
+48 159 0 53 0 0 51
4343 1089 0 0 0 0 0 0 0 0 363 186
+3 12 3 0 0 0 0 0 0 0 3 1
-3 6 0 0 0 0 0 0 0 0 2
+3 8 2 0 0 0 0 0 0 0 2 2
+97 360 360
+1 720 360 0 0 208
+2 720 360 0 0 204 0 0 0 0 360
+3 1080 0 0 0 0 0 0 0 0 360 62
+17 216 54 54 0 0 0 0 0 0 54
4070 1
-91 6
4169 328 0 0 0 0 0 0 0 0 82 1
+23 30 10 0 0 9 0 0 0 0 10 7
+1 20 0 0 0 0 0 0 0 0 10
+6 10 0 0 0 0 0 0 0 0 10 1
+7 1 1 0 0 1
-1 4 0 1
+2 2 1 0 0 0 0 0 0 0 1
+2 1 0 1
+1 3 1 1
+2 1 1
+1 2 1 0 0 0 0 0 0 0 1
-1 9 9 0 0 8
+1 18 9 0 0 0 0 0 0 0 9 1
-44 820 0 82 0 0 0 0 0 0 82
+33 18 9 0 0 9
4343 3
+5 12
+1 6
+24 24 6 0 0 6
+3 12 0 0 0 0 0 0 0 0 6
+2 6
+3 12 0 6
-3 12 0 6
+3 6 0 6 0 0 2
cfn=(2240) unlink_chunk.isra.0
calls=611 1608 
* 186 79 28 0 17 0 0 0 0 44 2
+3 24 12 0 0 0 0 0 0 0 6
+15 12 6
-5 6
+5 12
+1 12 6 0 0 0 0 0 0 0 6
+3 6 0 6 0 0 4 0 0 2
+1 6 0 6
+1 6 0 6
+3 12 0 0 0 0 0 0 0 0 6 3
+1 3 0 3
+1 12 0 0 0 0 0 0 0 0 6 1
+2 8 0 4 0 0 1
+3 32 0 4
+2 12 0 4 0 0 3 0 0 2
+1 4 0 4
1985 4 4
4421 4
1985 8 0 0 0 0 0 0 0 0 4
4415 16 0 2
+2 6 0 2
+1 2 0 2
1985 2 2
4421 2
1985 4 0 0 0 0 0 0 0 0 2
2552 54 54 0 0 51
+12 54 54 0 0 54
-12 270 54 108 0 53 29
+12 54 0 0 0 0 0 0 0 0 54
4460 1083 0 361 0 0 183
cfn=(724)
calls=637 1985 
* 1444 722 0 0 0 0 0 0 0 361
+1 361
-9 612
+2 612
-1 306 0 306
+1 306
-3 306
+3 306
+2 306
-2 1224 0 306
+2 306 0 306 0 0 306 0 0 306
+3 614
4266 1 1
+1 6 1 0 0 0 0 0 0 0 1
+6 2 1 0 0 0 0 0 0 0 1
+5 1
+1 2 0 1
-1 2 0 1
+1 1 0 1 0 0 1
cfn=(2240)
calls=6 1608 
* 33 14 5 0 2 0 0 0 0 8 1
+3 4 2 0 0 0 0 0 0 0 1
+13 2 1
-4 1
+4 2
+1 2 1 0 0 0 0 0 0 0 1
+3 1 0 1 0 0 1 0 0 1
+1 1 0 1
+1 1 0 1
+1 2 0 0 0 0 0 0 0 0 1
+2 2 0 1 0 0 1 0 0 1
+3 8 0 1
+2 3 0 1
+1 1 0 1
+3 1
2553 54 0 54
+36 162 54
+1 54
-1 54 0 54
+1 54 0 54
+9 540 162 0 1 0 0 0 0 0 216
+6 162 108 0 0 0 0 0 0 0 54
+3 162 0 0 0 0 0 0 0 0 54
2921 162 108 0 0 0 0 0 0 0 54
+1 54 0 54
+4 54 54
+4 270 108 0 0 0 0 0 0 0 54 1
+5 54
-2 54
+5 54
-3 108
-3 54
+2 54 0 54
+1 54
+1 54
-1 162 0 54
+1 54 0 54 0 0 54 0 0 54
4482 54
2669 162 54 54
+8 108 54 0 0 0 0 0 0 0 54 2
+1 111 37 37
+13 37 37
+2 37 37
-2 91 17 0 0 0 0 0 0 0 37
+2 17 17
-2 34 0 0 0 0 0 0 0 0 17
+8 270 54 54
+8 108 0 0 0 0 0 0 0 0 54 2
+20 18 18
+1 18
-1 36 0 0 0 0 0 0 0 0 18
+11 36 18 0 1
+4 36 0 0 0 0 0 0 0 0 18
+2 18 18
+2 18 18
-2 18 0 0 0 0 0 0 0 0 18
+2 18
+6 18
-6 18 0 18
+9 36 18 0 0 0 0 0 0 0 18 2
2873 18 0 0 1
+3 18
-1 18 0 18
+1 72 0 18 1 0 18 0 0 18
+12 18 18
-11 18 0 18
+11 36 0 0 0 0 0 0 0 0 18
+7 36
+1 54 0 18
+8 18 0 18 0 0 18 0 0 18
+2 18 0 18
+5 36 0 0 0 0 0 0 0 0 18
+2 72 0 18
cfn=(1952)
calls=18 4495 
* 2376 666 432 0 0 18 0 0 17 396 10
* 18
-66 36 0 0 1 0 0 1 0 0 18
-65 18
+84 36 0 0 0 0 0 0 0 0 18 2
2746 36
+6 108 36
-6 36 0 36
+6 180 0 0 0 0 0 0 0 0 72
+1 216 36 36
-21 108 36 18
cfn=(2774) sysmalloc_mmap_fallback.constprop.0
calls=18 2490 
* 1823 414 324 4 18 12 4 0 0 216 16
* 18
+2 36 0 0 0 0 0 0 0 0 18 2
-25 162 0 108
cfi=(205)
cfn=(718)
calls=71 25 
* 2718 720 450 0 179 47 0 0 0 486 92
+1 108 54
-1 54
+1 54 0 0 0 0 0 0 0 0 54 2
2008 36 36
2711 36
2008 108 0 0 0 0 0 0 0 0 36
2712 54
+3 108 0 0 0 0 0 0 0 0 54
+29 252 108 0 0 0 0 0 0 0 36

fn=(794)
3699 2 0 1
+10 1
-10 7 0 5
+10 8 0 0 0 0 0 0 0 0 2
+8 2 1 0 0 0 0 0 0 0 1
+3 3 2 0 0 0 0 0 0 0 1
+2 2 1 0 0 0 0 0 0 0 1
+34 5 1 0 0 0 0 0 0 0 1
fi=(203)
153 2 0 0 0 0 0 0 0 0 1 1
fe=(202)
3732 1 1
+1 1
+21 2
-21 2 1
+21 1 0 1
cfn=(716)
calls=5 +92 
* 81 21 10 2 2 1 2 0 0 14 5
+2 2 0 0 0 0 0 0 0 0 1 1
+81 8 7 0 1
-41 1 1
-12 1
+12 2 0 0 0 0 0 0 0 0 1
+3 5
+8 1
+2 2 0 0 0 0 0 0 0 0 1
+2 2 0 0 0 0 0 0 0 0 1
+5 1
+2 1 0 1
-2 1 0 1
+3 2 0 0 0 0 0 0 0 0 1
+2 1 0 1
+2 2 0 0 0 0 0 0 0 0 1 1
-67 3 0 0 0 0 0 0 0 0 1
+3 3 1 0 0 0 0 0 0 0 1 1

fn=(704)
3294 2968 0 1484 0 0 7
+7 742 371 0 0 367 0 0 0 0 371
1326 742 0 0 0 0 0 0 0 0 371
+19 1854 0 0 0 0 0 0 0 0 371 36
3311 740
+2 1484 742 0 0 735 0 0 0 0 371
+3 742 371 0 0 365 0 0 0 0 371 4
+10 736 368 0 0 365 0 0 0 0 368 12
+28 2208 1840
-36 24 8 0 0 8 0 0 0 0 8 5
3178 6 3 0 0 3
+4 6 0 0 0 0 0 0 0 0 3
+4 3
+4 3
-4 9 3 3 0 3
+4 3 0 3
+1 3 0 3
3354 18 15
-26 1472 0 368 0 0 49
cfn=(716)
calls=623 3846 
* 78436 14106 8958 12 2791 1231 7 0 419 13072 783
+1 1840 368 0 0 1 0 0 0 0 736
fi=(203)
153 736 0 0 0 0 0 0 0 0 368 20
fe=(202)

fn=(1956) _int_free_maybe_consolidate
4770 209 19 133
+6 38 0 0 0 0 0 0 0 0 19
+22 209 171 0 0 0 0 0 0 0 19

fn=(1952)
4495 189 0 108 0 0 1
+4 81 27
+6 108 0 0 0 0 0 0 0 0 27
+1 54 0 0 0 0 0 0 0 0 27
+4 135 0 0 0 0 0 0 0 0 54 1
+8 108 54 0 0 0 0 0 0 0 27
-1 54
+1 54 27 0 0 0 0 0 0 0 27 10
+29 8 8
-20 8 8 0 0 7
-6 8
+6 16 8 0 0 0 0 0 0 0 8
+20 32 8 0 0 3 0 0 0 0 8 8
1792 19 19
4561 38 0 0 0 0 0 0 0 0 19
+97 48 40
-21 38 19 0 0 0 0 0 0 0 19
+3 38 19 0 0 0 0 0 0 0 19
+18 19
-12 19
+12 76 76
-12 19
cfn=(1954) _int_free_merge_chunk
calls=691 +19 
* 1724 506 384 0 5 18 0 0 17 253 12
3163 8 8 0 1
+4 8
-4 8 0 8
+2 32 8 8 1 6
+1 8 0 8
+1 8 0 8
4550 8

fn=(2240)
1608 8 0 8
+2 24 8
-2 8
+2 16 8 0 0 7 0 0 0 0 8
+3 8 8 0 0 3
+1 16 8
+2 32 16 0 0 5 0 0 0 0 16 1
-3 8 8
+6 8 0 8
+1 8 0 8
+1 37 7 0 0 3 0 0 0 0 15 4
+2 12 6 0 0 2 0 0 0 0 6
+1 18 12 0 0 0 0 0 0 0 6
+3 12 6 0 0 2 0 0 0 0 6
+14 6 0 6
+1 6 0 6
+3 16 16

fn=(1954)
4665 95 0 76
+1 19
-1 57 0 38
+5 114 19 0 0 0 0 0 0 0 19
+3 38 19 0 0 0 0 0 0 0 19 1
+5 57 19 0 0 0 0 0 0 0 19
+3 38
+1 38 0 0 0 0 0 0 0 0 19
+1 38 19 0 0 1 0 0 0 0 19
1992 57 19 0 0 0 0 0 0 0 19
4689 38 19 0 0 0 0 0 0 0 19 3
+2 1 1
+2 1
-1 1
+2 4 1 0 0 1 0 0 0 0 1
+2 2 0 1
cfn=(2240)
calls=90 1608 
* 24 10 3 0 3 0 0 0 0 5 2
+18 38 19 0 0 0 0 0 0 0 19 1
+6 38 19 0 0 0 0 0 0 0 19 2
+4 19 0 19
+9 19 19
-1 19
+1 57
+1 38 19 0 0 0 0 0 0 0 19
+2 19 0 19 0 0 17 0 0 17
+2 38 0 0 0 0 0 0 0 0 19 3
+5 19 0 19
+1 19 0 19
+2 57 0 19
+1 19 0 19
-45 19
-1 38
+1 114 114
-1 19
cfn=(1956)
calls=710 +69 
* 456 190 133 0 0 0 0 0 0 38
+39 57 0 19 0 0 1

fn=(2774)
2490 198 0 108 1 0 0 1
+4 18 18
+3 54 18 0 1 0 0 1 0 0 18 2
+1 5
+3 36 0 0 0 0 0 0 0 0 18 1
+1 36
+4 18
-1 36 0 0 0 0 0 0 0 0 18 1
+3 144 0 18 1 0 0 1
cfi=(296) ./misc/../sysdeps/unix/sysv/linux/mmap64.c
cfn=(2380) mmap
calls=18 47 
* 468 72 54 0 0 0 0 0 0 72 3
* 18
+3 36 0 0 0 0 0 0 0 0 18
+4 36 0 0 0 0 0 0 0 0 18 7
+4 72 0 18
cfi=(297) ./misc/../sysdeps/unix/sysv/linux/setvmaname.c
cfn=(2382) __set_vma_name
calls=18 33 
* 378 162 90 0 18 12 0 0 0 36
+5 18 0 18
+2 18 0 18
+2 162 126
2008 72 18 0 1 0 0 1 0 0 18 2

fl=(269) ./csu/../sysdeps/nptl/libc_start_call_main.h
fn=(2052) (below main)
cob=(11)
cfi=(266)
cfn=(2060)
calls=1 78 
58 1701401921 306102429 132536659 320 7235275 3306570 296 11213 376788 191890422 6236355 83100 1072

fl=(297)
fn=(2382)
33 126 0 72 0 0 10
+2 90 36 18 0 18 2 0 0 0 18
+14 162 126 0 0 0 0 0 0 0 18

fl=(211)
fn=(750)
158 361
+1 722
+5 361
+1 361 0 0 0 0 0 0 0 0 361 3
+1 361
+1 361
+1 361 0 0 0 0 0 0 0 0 361 18
+69 361 361 0 0 329
+1 361 0 0 0 0 0 0 0 0 361 2
+87 361
+1 361
+1 361
+1 23658857 0 23658496 0 0 369662 0 0 369317 23658857 367
+1 361
+1 722 361 0 0 361

fl=(264)
fn=(2024)
cfi=(269)
cfn=(2052)
calls=1 29 
360 1701401921 306102429 132536659 320 7235275 3306570 296 11213 376788 191890422 6236355 83100 1072

fl=(296)
fn=(2380)
47 18
+3 36 0 0 0 0 0 0 0 0 18
-3 108 0 54
+6 36 0 0 0 0 0 0 0 0 18 3
+5 108 0 0 0 0 0 0 0 0 18
+2 72 72
-7 90 0 0 0 0 0 0 0 0 18

fl=(206)
fn=(720)
37 432 0 216 0 0 30
+3 54 54 0 0 54
+3 54 54 0 0 54
-3 54 54 0 0 54
+3 54 0 0 0 0 0 0 0 0 54 2
+15 108 0 0 0 0 0 0 0 0 54
+4 108 0 0 0 0 0 0 0 0 54
+4 216 0 0 0 0 0 0 0 0 108 48
+12 18
-28 18
+28 108 90
-4 54 0 54
cfi=(207)
cfn=(722)
calls=71 -38 
* 522 126 72 0 17 17 0 0 0 54 2
* 108 0 0 0 0 0 0 0 0 54 2
+4 252 180

totals: 1701401921 306102429 132536659 320 7235275 3306570 296 11213 376788 191890422 6236355 83100 1072
