# 2026-09-26. Rows sent to the network in 500 self-play games (loop-1 gen 5 network, seed 777,
# CORINTHO_DUP_DUMP with horizon fields, commit 90d84af). depth = root P - leaf P.
# rows 17978096; depth median 7, p90 12, p99 18, max 48
root_P	rows	depth_median	depth_p90	leaf_P<=17	leaf_P<=19	leaf_P<=21	depth_max
18	10144	4	6	0.998	1.000	1.000	9
19	30992	5	7	0.993	1.000	1.000	10
20	76240	5	7	0.959	1.000	1.000	11
21	158208	6	8	0.885	0.996	1.000	12
22	250320	6	8	0.774	0.974	1.000	13
23	357520	6	9	0.648	0.919	0.998	14
24	433936	7	10	0.521	0.821	0.981	15
25	532816	7	10	0.399	0.693	0.933	16
26	560416	7	11	0.328	0.601	0.860	16
27	609856	7	11	0.245	0.467	0.732	18
28	613664	7	12	0.187	0.373	0.621	19
29	651360	7	12	0.128	0.266	0.489	19
30	672576	7	12	0.093	0.200	0.382	20
31	685168	7	12	0.060	0.133	0.264	21
32	668848	7	12	0.043	0.093	0.192	21
33	716704	8	13	0.027	0.068	0.148	23
34	709104	8	13	0.025	0.059	0.120	24
35	722128	8	13	0.015	0.036	0.083	24
36	709888	8	13	0.013	0.030	0.066	25
37	735104	8	13	0.008	0.018	0.040	27
38	750208	8	14	0.006	0.015	0.036	27
39	709856	8	13	0.003	0.009	0.021	27
40	697056	8	14	0.002	0.006	0.017	29
41	766032	8	14	0.001	0.004	0.010	30
42	638320	7	13	0.000	0.001	0.005	28
43	697136	7	14	0.000	0.002	0.004	28
44	784000	6	13	0.000	0.000	0.001	30
45	612384	6	11	0.000	0.000	0.000	28
46	800912	4	9	0.000	0.000	0.000	24
47	808000	4	9	0.000	0.000	0.000	22
48	808000	3	6	0.009	0.009	0.009	48
