before 207 1438800801 138774
before 206 1506393084 149722
before 205 1536277705 154868
before 204 1513360299 150275
before 208 1559486374 155668
before 202 1560634426 155063
before 203 1339685372 129783
after 201 1334932352 132281
after 205 1252903098 125967
after 206 1239818728 121654
after 203 1395616129 142188
after 202 1478341570 149924
sm64 201 1055076716 105208
sm64 203 1052902118 104059
after 207 1615906835 165732
before 201 1435963410 141394
sm64 204 1197165940 121469
after 208 1386402261 138673
sm64 202 1378550397 144339
after 204 1195936497 119779
sm64 206 1392198498 145821
sm64 207 1359376356 141565
sm64 205 1559215099 162258
sm64 208 1384708369 143355
