before 401 0.4258 410 514560
final 401 0.3751 360 455211
before 402 0.3800 354 449081
final 402 0.4231 415 517270
before 403 0.4268 408 506563
final 403 0.3540 333 433068
before 404 0.3727 342 435237
final 404 0.4192 400 511607
before 405 0.4204 391 497731
final 405 0.3293 329 408065
before 406 0.4018 384 480585
final 406 0.3989 384 493617
before 407 0.3316 307 387653
final 407 0.3537 357 438795
before 408 0.4346 398 515718
final 408 0.3723 350 456237
before 409 0.4087 379 482706
final 409 0.3432 341 422588
before 410 0.4081 373 475121
final 410 0.3368 321 403010
before 411 0.4770 446 557609
final 411 0.4357 402 522193
before 412 0.3583 317 414794
final 412 0.3470 323 412564
before 413 0.4504 404 525072
final 413 0.3725 345 446499
before 414 0.3826 348 440398
final 414 0.4555 435 551575
before 415 0.4040 381 473846
final 415 0.4175 386 507076
before 416 0.4322 380 493678
final 416 0.4198 396 504142
before 417 0.4291 386 491885
final 417 0.4032 380 482673
before 418 0.4446 412 518531
final 418 0.3470 335 418214
before 419 0.4082 368 474627
final 419 0.4044 367 475909
before 420 0.3756 344 425296
final 420 0.4178 381 498982
before 421 0.4177 384 491140
final 421 0.4382 409 523971
before 422 0.4103 364 470984
final 422 0.3579 343 433758
before 423 0.3995 355 456005
final 423 0.3694 364 449191
before 424 0.3995 363 461900
final 424 0.3352 325 402395
before 425 0.4158 375 476139
final 425 0.3941 357 459563
before 426 0.3945 349 448388
final 426 0.4422 408 521151
before 427 0.4027 358 461706
final 427 0.3751 347 440218
before 428 0.4020 357 464832
final 428 0.4045 392 488907
before 429 0.3966 369 466270
final 429 0.3690 368 457359
before 430 0.3800 343 443130
final 430 0.3644 343 437236
before 431 0.3540 329 407774
final 431 0.4100 383 494706
before 432 0.3904 349 450756
final 432 0.4090 382 482335
before 433 0.4272 376 487276
final 433 0.3545 334 428557
before 434 0.4550 425 526596
final 434 0.3971 377 472562
before 435 0.3983 355 460909
final 435 0.4245 402 511592
before 436 0.3986 351 451381
final 436 0.4136 395 503918
before 437 0.3941 349 445505
final 437 0.3536 337 427871
before 438 0.4021 367 460510
final 438 0.3732 353 448441
before 439 0.4225 377 487104
final 439 0.4315 400 503033
before 440 0.3989 365 464485
final 440 0.3311 314 398346
