before 301 0.3699 421393
after 301 0.4198 460603
sm64 301 0.4046 480158
before 302 0.4037 458419
after 302 0.4582 525253
sm64 302 0.3958 473458
before 303 0.4074 459843
after 303 0.3722 434851
sm64 303 0.3958 487028
before 304 0.4200 486361
after 304 0.3579 417656
sm64 304 0.3653 443852
before 305 0.3745 423427
after 305 0.4517 519905
sm64 305 0.3778 459598
before 306 0.3715 426753
after 306 0.4406 517352
sm64 306 0.4689 553494
before 307 0.4271 489314
after 307 0.3941 463318
sm64 307 0.3663 450061
before 308 0.3587 403454
after 308 0.5003 591029
sm64 308 0.3796 462893
before 309 0.3862 451904
after 309 0.4222 496752
sm64 309 0.3622 432524
before 310 0.3780 432049
after 310 0.3985 470412
sm64 310 0.3806 462124
before 311 0.4207 486611
after 311 0.4095 484468
sm64 311 0.4228 511412
before 312 0.3832 435047
after 312 0.3656 427613
sm64 312 0.4038 489983
before 313 0.4296 493805
after 313 0.3785 443956
sm64 313 0.3593 438664
before 314 0.4126 478386
after 314 0.3642 429836
sm64 314 0.3593 441183
before 315 0.4351 502609
after 315 0.4423 520087
sm64 315 0.3481 429565
before 316 0.3827 445214
after 316 0.3532 405046
sm64 316 0.3432 418787
before 317 0.4439 514094
after 317 0.3918 455491
sm64 317 0.3620 437666
before 318 0.3288 381805
after 318 0.4348 513105
sm64 318 0.3362 416957
before 319 0.3915 445660
after 319 0.3901 458473
sm64 319 0.3589 435387
before 320 0.4238 490428
after 320 0.3969 463028
sm64 320 0.3966 482114
before 321 0.4837 512354
after 321 0.3668 421315
sm64 321 0.3829 456625
before 322 0.3992 443038
after 322 0.4806 541332
sm64 322 0.4187 490270
before 323 0.3868 424947
after 323 0.3985 445733
sm64 323 0.3945 471684
before 324 0.3748 423586
after 324 0.4017 454533
sm64 324 0.4077 484088
